1
0.1 0.01 100
-0.68989 0.01
-0.67692 0.01
-0.68149 0.01
-0.6871 0.01
-0.68549 0.01
-0.67734 0.01
-0.68343 0.01
-0.67389 0.01
-0.66034 0.01
-0.63918 0.01
-0.61761 0.01
-0.61952 0.01
-0.66345 0.01
-0.69538 0.01
-0.73885 0.01
-0.75381 0.01
-0.71478 0.01
-0.63513 0.01
-0.55707 0.01
-0.53603 0.01
-0.49515 0.01
-0.49567 0.01
-0.49667 0.01
-0.52012 0.01
-0.49443 0.01
-0.51039 0.01
-0.50254 0.01
-0.53105 0.01
-0.54084 0.01
-0.57169 0.01
-0.55069 0.01
-0.57549 0.01
-0.57111 0.01
-0.58916 0.01
-0.64125 0.01
-0.65224 0.01
-0.6803 0.01
-0.73743 0.01
-0.76621 0.01
-0.76674 0.01
-0.7487 0.01
-0.72935 0.01
-0.74365 0.01
-0.73 0.01
-0.70888 0.01
-0.64611 0.01
-0.61345 0.01
-0.60877 0.01
-0.58356 0.01
-0.60068 0.01
-0.62042 0.01
-0.62565 0.01
-0.63494 0.01
-0.63595 0.01
-0.64218 0.01
-0.66891 0.01
-0.63543 0.01
-0.64524 0.01
-0.68665 0.01
-0.74489 0.01
-0.7611 0.01
-0.83538 0.01
-0.88973 0.01
-0.89871 0.01
-0.85649 0.01
-0.80556 0.01
-0.77497 0.01
-0.78526 0.01
-0.75383 0.01
-0.72165 0.01
-0.72554 0.01
-0.7115 0.01
-0.75918 0.01
-0.76956 0.01
-0.79638 0.01
-0.78736 0.01
-0.79854 0.01
-0.79747 0.01
-0.8006 0.01
-0.7937 0.01
-0.76348 0.01
-0.798 0.01
-0.81587 0.01
-0.79636 0.01
-0.79934 0.01
-0.84122 0.01
-0.83507 0.01
-0.81929 0.01
-0.83526 0.01
-0.83243 0.01
-0.84363 0.01
-0.88746 0.01
-0.92706 0.01
-0.89693 0.01
-0.87677 0.01
-0.85896 0.01
-0.85681 0.01
-0.81115 0.01
-0.69357 0.01
-0.63693 0.01
-0.64436 0.01
-0.59806 0.01
-0.61492 0.01
-0.60893 0.01
-0.61915 0.01
-0.67396 0.01
-0.70167 0.01
-0.67838 0.01
-0.69689 0.01
-0.71539 0.01
-0.76318 0.01
-0.80041 0.01
-0.75719 0.01
-0.73525 0.01
-0.72806 0.01
-0.77155 0.01
-0.74756 0.01
-0.78456 0.01
-0.72596 0.01
-0.63544 0.01
-0.5813 0.01
-0.57364 0.01
-0.59798 0.01
-0.63676 0.01
-0.60569 0.01
-0.63104 0.01
-0.64009 0.01
-0.65346 0.01
-0.62454 0.01
-0.6353 0.01
-0.62831 0.01
-0.63788 0.01
-0.64277 0.01
-0.62442 0.01
-0.62077 0.01
-0.65549 0.01
-0.65613 0.01
-0.69367 0.01
-0.62561 0.01
-0.66155 0.01
-0.65311 0.01
-0.59287 0.01
-0.60171 0.01
-0.59152 0.01
-0.60188 0.01
-0.66239 0.01
-0.60904 0.01
-0.6454 0.01
-0.63246 0.01
-0.64369 0.01
-0.67129 0.01
-0.67303 0.01
-0.73086 0.01
-0.77034 0.01
-0.79386 0.01
-0.78315 0.01
-0.79442 0.01
-0.74259 0.01
-0.78137 0.01
-0.76755 0.01
-0.80077 0.01
-0.71333 0.01
-0.69358 0.01
-0.75232 0.01
-0.7989 0.01
-0.78102 0.01
-0.79391 0.01
-0.75671 0.01
-0.75083 0.01
-0.69768 0.01
-0.69086 0.01
-0.73256 0.01
-0.70044 0.01
-0.75907 0.01
-0.7755 0.01
-0.80906 0.01
-0.7821 0.01
-0.80427 0.01
-0.80477 0.01
-0.77869 0.01
-0.78434 0.01
-0.76278 0.01
-0.78751 0.01
-0.80247 0.01
-0.79706 0.01
-0.85803 0.01
-0.86297 0.01
-0.80873 0.01
-0.81678 0.01
-0.75416 0.01
-0.67745 0.01
-0.6762 0.01
-0.66634 0.01
-0.66443 0.01
-0.67945 0.01
-0.67271 0.01
-0.67274 0.01
-0.66107 0.01
-0.62294 0.01
-0.64022 0.01
