-1
-1.0149
-1.0538
-1.0578
-1.0555
-0.99184
-0.9952
-1.0167
-1.0231
-1.0479
-1.0019
-0.97883
-1.0044
-1.0202
-0.97325
-0.96002
-0.95313
-0.97838
-0.94106
-0.96443
-0.91433
-0.92429
-0.96503
-1.0015
-1.0831
-1.0526
-1.0521
-1.0667
-1.0225
-1.0185
-1.0272
-1.059
-1.1012
-1.0502
-1.0201
-0.9518
-0.98652
-0.95983
-0.94819
-0.97943
-0.96674
-0.99867
-1.0371
-1.0942
-1.0691
-1.0501
-1.0519
-1.0452
-1.0052
-1.0494
-1.016
-0.98765
-1.0182
-1.0106
-0.94352
-0.97111
-0.96029
-0.9792
-0.97972
-0.99567
-1.0244
-1.0692
-1.0485
-1.0207
-1.035
-1.0448
-1.0804
-1.0481
-1.0396
-1.0252
-1.0402
-1.0614
-1.0877
-1.0769
-1.0323
-1.041
-1.0477
-1.0224
-1.02
-0.99895
-1.0394
-1.0686
-1.0446
-1.1033
-1.0943
-1.0965
-1.0975
-1.0649
-1.0426
-1.0456
-1.0343
-1.0534
-1.0488
-1.0613
-1.0494
-1.007
-0.98258
-1.0054
-1.0405
-1.061
-1.1061
-1.0922
-1.1186
-1.0827
-1.0188
-1.0289
-1.0536
-1.0644
-1.0609
-1.031
-1.113
-1.0245
-1.024
-0.99813
-1.0566
-1.1251
-1.1037
-1.0916
-1.0433
-0.97828
-0.96854
-0.95929
-0.93689
-0.89972
-0.8834
-0.91335
-0.92287
-0.90882
-0.8906
-0.92961
-0.90321
-0.92302
-0.9564
-0.98698
-0.95757
-0.97241
-0.95943
-0.98984
-1.0458
-1.0397
-0.96513
-0.96544
-0.94247
-0.98979
-1.0252
-1.0044
-1.0337
-1.0288
-1.0222
-1.0051
-0.98653
-1.0099
-1.0612
-1.0852
-1.0458
-1.014
-0.9767
-0.96951
-0.9995
-0.94918
-0.96248
-0.98219
-1.0294
-1.0301
-1.0368
-1.0025
-1.0255
-1.0143
-1.0252
-1.0125
-0.99715
-0.99803
-1.0214
-1.065
-1.0597
-1.0832
-1.0491
-1.0399
-1.0067
-1.049
-1.0165
-1.0158
-1.0379
-1.0036
-0.94716
-0.96852
-0.9651
-0.92789
-0.90244
-0.89827
-0.92976
-0.92774
-0.96291
-0.9757
-0.96205
-0.94498
-1.0225
-0.97294
-1.0101
-1.0661
-1.0185
-1.0022
-1.0211
-1.0546
-1.039
-1.0432
-1.0398
-0.9784
-1.0018
-1.0368
-0.94221
-0.98724
-0.99896
-0.92572
-0.9802
-0.92098
-0.94688
-0.98327
-1.0451
-1.0753
-1.024
-1.0217
-0.96514
-1.0057
-1.0369
-1.0226
-1.0189
-1.0136
-1.027
-1.0386
-1.0909
-1.0378
-1.0285
-0.98944
-0.97049
-1.0373
-1.0046
-0.97529
-0.98841
-1.02
-1.0208
-1.0181
-1.0258
-1.002
-0.97943
-0.99177
-0.97199
-0.94585
-0.9065
-0.91221
-0.95257
-0.99805
-0.96289
-0.89239
-0.94872
-0.94407
-0.96573
-0.97771
-0.93742
-0.95728
-0.94514
-0.88363
-0.90697
-0.9653
-0.9836
-0.99436
-1.0139
-1.0223
-1.0106
-1.028
-1.0518
-1.047
-0.99829
-0.97431
-0.96469
-0.89895
-0.90401
-0.9187
-0.93759
-0.97388
-0.95374
-0.93655
-0.94633
-0.97571
-0.97379
-1.0022
-1.0069
-1.0119
-0.99992
-1.0847
-1.0669
-1.0756
-1.0375
-0.96737
-1.0132
-1.0559
-1.0283
-1.0095
-1.0277
-1.0323
-1.0351
-0.98963
-0.93654
-0.97591
-1.012
-1.0086
-1.0261
-0.99725
-1.0026
-1.0114
-0.9943
-0.99413
-1.0526
-1.019
-1.0016
-1.013
-1.0342
-1.0493
-1.0236
-0.99981
-1.0138
-1.04
-1.0219
-1.0074
-1.0602
-1.0681
-1.0522
-1.0399
-1.0077
-1.0139
-0.99096
-0.99515
-0.97888
-1.0319
-0.99635
-0.94002
-0.93821
-0.9752
-1.0123
-1.014
-0.96513
-0.94943
-0.95072
-0.90928
-0.96344
-0.97183
-1.0357
-1.0827
-1.0453
-1.0193
-1.0269
-0.98577
-0.94692
-0.94662
-0.98305
-0.99338
-1.0191
-1.0292
-0.98047
-0.9884
-0.95947
-0.94059
-0.89911
-0.92161
-0.93991
-0.90482
-0.89767
-0.97044
-0.99778
-1.01
-1.0187
-0.98067
-0.88886
-0.91011
-0.91214
-0.90387
-0.89058
-0.88887
-0.9299
-0.96752
-1.03
-1.0043
-0.95981
-0.9725
-0.97259
-0.90107
-0.93743
-1.0059
-1.0221
-1.0441
-1.0112
-1.0115
-1.0007
-0.98397
-1.0089
-1.0296
-1.0583
-1.0225
-1.0573
-1.0253
-1.0107
-1.0024
-1.0106
-0.97719
-0.97437
-0.99018
-1.0117
-1.0682
-1.0621
-1.0411
-0.99033
-0.97056
-0.93705
-0.92659
-0.94374
-0.89785
-0.8937
-0.89604
-0.92644
-0.95117
-0.90137
-0.90022
-0.9779
-0.98737
-0.9926
-1.0455
-1.0741
-1.0728
-1.1113
-1.1219
-1.0932
-1.0937
-1.0534
-1.0247
-1.0126
-0.99141
-0.99336
-1.0012
-0.99295
-1.0248
-1.0023
-1.04
-1.038
-1.0459
-1.0828
-1.061
-1.0561
-1.0426
-1.0255
-0.98149
-0.96242
-0.91798
-0.90391
-0.9508
-0.90523
-0.87153
-0.84596
-0.90534
-0.93859
-0.89131
-0.85679
-0.90855
-0.9119
-0.88245
-0.9044
-0.93095
-0.9705
-0.95761
-1.0487
-0.99269
-0.99349
-0.97516
-0.92892
-0.92554
-0.9161
-0.90136
-0.88507
-0.93537
-0.9783
-1.0006
-0.99584
-1.0515
-1.0779
-1.0737
-1.0359
-1.0302
-0.97184
-1.0138
-1.0051
-0.96028
-0.98493
-0.99821
-0.97158
-0.97819
-0.97068
-0.94535
-0.95988
-0.96397
-0.95286
-1.0616
-1.0359
-1.0029
-0.95987
-0.93473
-0.93457
-0.9664
-1.0038
-0.99686
-0.98836
-1.0085
-1.0064
-1.0014
-1.052
-1.0176
-0.96018
-0.93407
-0.94842
-0.9587
-0.95229
-0.98327
-0.979
-0.90418
-0.92802
-0.90426
-0.93495
-0.9784
-0.99134
-1.0456
-1.0301
-1.0893
-1.0208
-1.0977
-1.1164
-1.0881
-1.0806
-1.0402
-1.0609
-1.0086
-0.99699
-1.0307
-0.99214
-0.96668
-0.94729
-0.91441
-0.93017
-0.96005
-0.96202
-0.94433
-0.92679
-0.92967
-0.98932
-1.0074
-0.98836
-0.99353
-1.0457
-1.0343
-1.0243
-1.0045
-1.0772
-1.0766
-1.0425
-0.98735
-1.0035
-1.0013
-1.0282
-0.97585
-0.95499
-0.95306
-0.93964
-0.9487
-0.97423
-0.95941
-0.99613
-0.94698
-0.9553
-0.89409
-0.93041
-0.95012
-0.97541
-0.90724
-0.9082
-0.9129
-0.91131
-0.92782
-0.96627
-0.9893
-0.96442
-0.97447
-0.99327
-0.95127
-0.97318
-0.99812
-0.98421
-0.99849
-1.0356
-1.0347
-1.0051
-1.0346
-1.0002
-1.0118
-0.99685
-1.0064
-0.97442
-1.0193
-1.0186
-0.96325
-0.93037
-0.87096
-0.91402
-0.89044
-0.95483
-0.98563
-0.8993
-0.89011
-0.88467
-0.86086
-0.86849
-0.91128
-0.91477
-0.97659
-0.94192
-0.93917
-0.95437
-0.94271
-0.9512
-0.99509
-1.0482
-1.0372
-0.98128
-0.97103
-0.9552
-0.96028
-0.94538
-0.98289
-0.95896
-0.96252
-0.96136
-0.94929
-0.98265
-0.9767
-0.96781
-0.96558
-0.93975
-0.95893
-0.90983
-0.98836
-0.96079
-0.96171
-0.94954
-0.91005
-0.92727
-0.96671
-0.98456
-0.95891
-0.94494
-0.94271
-0.91764
-0.87288
-0.88197
-0.84838
-0.9033
-0.87827
-0.87837
-0.89842
-0.95509
-0.9309
-0.89789
-0.8277
-0.88622
-0.91239
-0.90455
-0.91432
-0.87239
-0.8904
-0.89108
-0.92674
-0.94277
-0.97555
-0.96335
-1.0251
-1.058
-1.0462
-1.0533
-1.0905
-1.0466
-1.0209
-1.0058
-0.98311
-0.99929
-1.014
-1.0088
-0.97728
-1.0262
-1.0374
-1.0661
-0.97036
-0.94365
-0.91498
-0.96699
-0.97452
-0.97828
-0.962
-0.95272
-1.0191
-1.0614
-1.0348
-1.0202
-1.0351
-1.0036
-0.97812
-0.97583
-0.94768
-0.97425
-1.0235
-1.0083
-0.96147
-0.95123
-0.96332
-0.94098
-0.9695
-1.0083
-1.0057
-1.0847
-1.0414
-1.0221
-1.0143
-0.99098
-1.0057
-0.96472
-0.99713
-0.99853
-1.0102
-1.0143
-1.0033
-1.0339
-1.0166
-1.0016
-0.98164
-0.98577
-0.99616
-1.0422
-1.0898
-1.0735
-0.9621
-0.90859
-0.94568
-0.89408
-0.89209
-0.90199
-0.90192
-0.8801
-0.8657
-0.86565
-0.88281
-0.91369
-0.89336
-0.92007
-0.93789
-0.91732
-0.93492
-0.92328
-0.90896
-0.94357
-0.90407
-0.90468
-0.95324
-0.92996
-0.88622
-0.89191
-0.92699
-0.97259
-0.96964
-0.99858
-0.99137
-0.99739
-0.94788
-0.94246
-0.96646
-1.0015
-1.0172
-0.96104
-0.95794
-0.97604
-0.91849
-0.91767
-0.93276
-0.97312
-0.94196
-0.98123
-0.99454
-1.0236
-1.0187
-1.0392
-0.96732
-0.92336
-0.94155
-0.94837
-0.92794
-0.92715
-0.91516
-0.92837
-0.96735
-0.95456
-0.89296
-0.93038
-0.97402
-0.98206
-1.0221
-1.0201
-0.99109
-1.003
-1.0384
-1.0073
-0.99763
-0.97774
-0.96137
-0.98476
-0.99646
-1.03
-1.03
-1.0476
-1.0377
-1.049
-1.0315
-1.0781
-0.97228
-0.99223
-1.0041
-1.0185
-0.96324
-1.0068
-1.0378
-1.0276
-1.0422
-1.0101
-1.0246
-0.9949
-0.95066
-0.95305
-0.97885
-0.96875
-0.99917
-0.99033
-0.99231
-1.0416
-0.99859
-1.0241
-1.0216
-0.99785
-1.041
-1.0092
-0.99273
-0.96002
-0.94065
-0.96078
-1.0192
-0.9673
-0.96095
-0.95402
-0.93295
-0.98056
-1.0007
-0.9743
-1.0214
-0.98498
-1.0007
-0.98174
-0.98616
-0.96199
-0.9802
-0.99847
-1.0069
-1.0552
-1.0034
-0.98696
-1.0241
-1.0098
-0.9911
-1.0333
-0.99973
-0.97501
-0.933
-0.95491
-0.97723
-1.0098
-1.0755
-0.99769
-0.97931
-0.95252
-0.98554
-1.0102
-1.0716
-1.1545
-1.1251
-1.0337
-0.97992
-0.98654
-1.0009
-0.99948
-0.97249
-1.0026
-0.95288
-0.96854
-0.93245
-0.89336
-0.88418
-0.89476
-0.96341
-0.99184
-1.0331
-0.96657
-0.9616
-0.95796
-0.9722
-0.96722
-0.97494
-0.98474
-1.0493
-1.0449
-1.0357
-0.98199
-0.95877
-0.93533
-0.98503
-0.95911
-0.92345
-0.92814
-0.94269
-0.91969
-0.9287
-0.91522
-0.89824
-0.9482
-0.99162
-1.0362
-1.0403
-1.0101
-1.0247
-0.98724
-1.0332
-1.0268
-1.0001
-1.0479
-1.0646
-1.0517
-1.0849
-1.0607
-1.0404
-1.0669
-1.0717
-1.0522
-1.0036
-1.0929
-1.0844
-1.0374
-1.0012
-1.0206
-1.0212
-0.94446
-0.97499
-0.95989
-0.9317
-0.91232
-0.95646
-0.92671
-0.92211
-0.99269
-1.0149
-0.96626
-0.95749
-0.9638
-0.94222
-0.95708
-0.96187
-0.95375
-0.90108
-0.91237
-0.889
-0.8431
-0.83975
-0.83139
-0.83936
-0.81878
-0.86298
-0.87573
-0.86024
-0.92195
-0.87644
-0.91546
-0.90487
-0.90631
-0.9538
-0.97043
-0.96398
-0.97236
-0.98779
-0.93944
-0.96146
-0.97626
-1.0023
-0.97603
-0.95117
-0.96887
-0.95858
-0.93028
-0.93606
-0.92741
-0.97912
-0.94154
-0.95215
-0.96915
-0.98784
-1.0194
-1.0676
-1.025
-0.98956
-0.96
-0.97924
-0.99695
-0.9803
-0.97238
-0.94766
-0.95647
-0.93527
-0.92201
-0.98735
-0.95214
-0.97598
-1.0214
-1.0238
-1.1112
-1.087
-1.0726
-1.0433
-0.98284
-1.0094
-1.013
-1.0246
-1.0122
-1.0516
-1.0418
-0.98218
-0.97527
-0.97194
-0.96323
-1.014
-0.99743
-0.97713
-0.95876
-0.94172
-0.98824
-0.90105
-0.96344
-0.97232
-0.97384
-1.0014
-1.0205
-1.0246
-1.0221
-1.0282
-1.0383
-1.0556
-1.0486
-1.0602
-1.044
-1.03
-1.0339
-1.0121
-0.98267
-0.92335
-1.0015
-0.96663
-0.95892
-0.96882
-0.93538
-0.9702
-0.93437
-0.97178
-0.96601
-0.97808
-0.95224
-0.92941
-0.94911
-0.96952
-0.99724
-0.94807
-0.94048
-0.91771
-0.94677
-0.93386
-0.9488
-1.0058
-1.0633
-1.0585
-1.0518
-1.0141
-1.0431
-1.0094
-0.99526
-1.0279
-1.0593
-1.0196
-1.0306
-1.023
-0.97175
-0.9376
-0.98953
-0.97327
-0.96201
-0.95797
-0.98639
-0.95185
-0.97739
-0.96127
-0.95104
-0.90311
-0.85709
-0.86417
-0.90433
-0.93245
-0.99138
-0.91333
-0.94319
-0.97405
-0.98304
-0.94342
-0.96949
-0.9822
-1.0015
-1.0155
-0.9646
-0.94189
-0.94343
-0.94893
-0.93268
-0.94686
-0.90547
-0.89242
-0.9257
-0.93974
-0.93129
-0.92874
-0.93377
-0.94757
-0.93328
-0.93026
-0.95989
-0.93739
-0.94768
-0.92428
-0.90949
-0.95273
-0.94501
-0.95429
-0.94697
-0.96084
-0.99147
-0.9952
-0.99255
-0.97628
-0.9698
-0.95692
-0.93881
-0.95738
-0.93988
-0.91051
-0.92734
-0.91791
-0.92527
-0.90744
-0.96761
-0.9727
-0.98258
-0.95673
-0.90985
-0.96991
-0.97606
-0.95983
-0.9456
-0.96092
-1.0211
-1.0114
-0.97724
-0.97265
-0.93296
-0.96395
-0.97434
-0.97795
-1.0222
-1.055
-1.0381
-1.036
-1.0161
-1.0597
-1.0528
-1.0907
-1.0277
-1.0345
-0.9913
-0.95775
-0.96982
-0.93569
-0.8995
-0.88959
-0.92574
-0.98901
-0.997
-1.0307
-1.0113
-0.98895
-0.96958
-0.97647
-1.0163
-1.0325
-1.0464
-1.0134
-0.98274
-1.0243
-0.96901
-0.97827
-0.98143
-0.99847
-0.96582
-0.94693
-0.95027
-0.92982
-0.96366
-0.94085
-0.97557
-0.96618
-0.95682
-0.94202
-0.96631
-0.93279
-0.92707
-0.96893
-0.9525
-0.93081
-0.94493
-0.90345
-0.95897
-0.92958
-0.95329
-0.97835
-0.96793
-0.95142
-0.96905
-0.95256
-0.97447
-0.92494
-0.96647
-0.93925
-0.9015
-0.91883
-0.95552
-0.95195
-0.91664
-0.95295
-0.91015
-0.90696
-0.90882
-0.87427
-0.87996
-0.85066
-0.85068
-0.89835
-0.87825
-0.85099
-0.82734
-0.8172
-0.83606
-0.83722
-0.89227
-0.90308
-0.89759
-0.91451
-0.9077
-0.94205
-0.93487
-0.92439
-1.0019
-0.97961
-1.0141
-0.9609
-0.97601
-0.98923
-0.94852
-0.95623
-0.94924
-0.95123
-1.0312
-1.0554
-1.0369
-1.0274
-1.0157
-0.95762
-1.0624
-1.0521
-1.1038
-1.0831
-1.1117
-1.0962
-1.0418
-1.0521
-1.048
-1.0014
-1.0273
-0.986
-0.95817
-0.93928
-0.96588
-0.9912
-1.0286
-0.96448
-1.0289
-1.0521
-1.0165
-1.0328
-1.0573
-1.0358
-1.0335
-1.0749
-1.0206
-0.98633
-1.0125
-0.98113
-0.95152
-0.96145
-0.9653
-1.0419
-1.0383
-1.0303
-1.03
-1.0376
-1.0486
-1.0544
-1.0268
-1.0234
-0.99215
-1.015
-1.0163
-1.01
-1.0202
-1.0367
-0.99504
-0.98109
-1.0132
-1.0358
-1.0585
-1.0463
-1.0363
-1.0761
-1.0479
-0.98913
-1.0004
-1.0202
-0.98185
-0.9423
-0.92455
-0.91317
-0.93767
-0.95391
-1.0264
-1.0123
-1.0257
-1.019
-1.0383
-1.0478
-1.0979
-1.095
-1.0584
-1.0449
-0.97867
-0.99334
-0.93991
-0.96177
-0.99578
-0.98222
-0.99455
-1.0138
-1.0162
-1.0307
-0.99382
-0.96741
-0.91044
-0.95019
-0.99959
-1.0267
-1.0176
-1.0537
-1.0401
-1.0476
-1.0077
-1.018
-0.99403
-1.0064
-0.94518
-0.91215
-0.91197
-0.89352
-0.94924
-0.94587
-0.91067
-0.91445
-0.84807
-0.88421
-0.93116
-0.94338
-0.95603
-0.98884
-1.0112
-1.0572
-1.0169
-1.044
-1.0696
-1.0138
-0.96023
-0.95704
-0.97165
-0.99269
-0.94483
-0.9657
-0.99562
-0.93391
-0.92371
-0.9313
-0.87521
-0.84748
-0.8977
-0.93438
-0.93872
-0.96411
-0.91761
-0.94607
-0.9267
-0.93491
-0.9936
-1.0144
-1.0058
-1.0404
-0.98921
-1.0045
-1.0109
-1.0107
-0.98942
-0.95897
-0.99399
-1.023
-0.99461
-0.97758
-1.0013
-0.97919
-0.97599
-0.99293
-0.97321
-1.0157
-1.0205
-1.0184
-0.98563
-1.0348
-1.0196
-0.95938
-0.88377
-0.88774
-0.8806
-0.84438
-0.86506
-0.88111
-0.92942
-0.93306
-0.9205
-0.89602
-0.84677
-0.84542
-0.89203
-0.87697
-0.88463
-0.90609
-0.87714
-0.92301
-0.92639
-0.89719
-0.85498
-0.8119
-0.89634
-0.91346
-0.92213
-0.91392
-0.91476
-0.93148
-0.92409
-0.95592
-0.98647
-1.0136
-1.0452
-1.0119
-0.96911
-0.93831
-0.9646
-1.044
-1.0665
-1.0908
-1.046
-1.0315
-0.99652
-0.99605
-0.90001
-0.88004
-0.93669
-0.9455
-0.90443
-0.92093
-0.9264
-0.9092
-0.84394
-0.87717
-0.89311
-0.88807
-0.92765
-0.97092
-0.98042
-0.9735
-0.96284
-0.94851
-0.92325
-0.90738
-0.92828
-0.96854
-0.98757
-0.99256
-0.97396
-0.91767
-0.89809
-0.91387
-0.92582
-0.91043
-0.92113
-0.86016
-0.89265
-0.90245
-0.95359
-0.98224
-0.98469
-0.96566
-1.0103
-0.98966
-1.0348
-1.0271
-1.0651
-1.0332
-1.0347
-1.0083
-1.0438
-1.0192
-0.99911
-0.9972
-1.0271
-1.0073
-0.97869
-0.98829
-0.98591
-0.99386
-0.95914
-0.95637
-1.0178
-1.0095
-0.9595
-0.9587
-0.9845
-0.98956
-0.95711
-0.97193
-0.89388
-0.9269
-0.9353
-0.92797
-0.91528
-0.92115
-0.94575
-0.93074
-0.94247
-0.90409
-0.92196
-0.94179
-0.95845
-0.94517
-0.953
-0.89809
-0.952
-0.95081
-0.92937
-0.91168
-0.89279
-0.88339
-0.93962
-0.95179
-1.0013
-1.0039
-0.93901
-0.93582
-0.98045
-0.92436
-0.97564
-0.97966
-1.0037
-1.0006
-0.99665
-0.95951
-0.96916
-0.94009
-1.021
-1.0483
-1.0409
-1.0131
-1.0492
-1.0351
-1.004
-1.0309
-1.0079
-0.95568
-0.93172
-0.93003
-0.94672
-1.0214
-1.0106
-1.0044
-0.98868
-1.0138
-1.033
-1.0303
-0.99132
-0.95114
-0.95014
-0.91877
-0.88501
-0.80131
-0.82524
-0.83771
-0.87528
-0.84767
-0.84236
-0.88941
-0.91264
-0.88502
-0.83492
-0.86038
-0.81535
-0.79035
-0.80364
-0.84181
-0.87078
-0.89543
-0.89422
-0.8687
-0.87834
-0.83167
-0.82781
-0.88006
-0.9309
-0.99583
-1.0004
-0.98526
-1.0187
-1.0136
-1.0209
-0.98247
-0.95943
-0.98614
-0.9937
-1.0322
-1.0909
-1.0985
-1.1012
-1.0536
-1.0086
-0.99929
-1.0336
-1.0194
-0.91505
-0.87743
-0.92017
-0.8995
-0.95312
-0.97454
-0.95685
-0.99323
-1.0455
-0.97369
-0.99592
-1.0028
-1.0093
-1.0266
-0.99063
-1.0073
-0.99822
-0.98606
-0.97978
-1.0025
-1.0198
-1.0462
-1.0211
-1.0021
-1.0015
-1.0167
-0.99084
-0.96398
-1.0418
-1.0267
-1.0442
-1.032
-1.0231
-1.0453
-1.0213
-0.94821
-0.96725
-1.0224
-0.96554
-0.8955
-0.89659
-0.86772
-0.82219
-0.82428
-0.80771
-0.84449
-0.89126
-0.90278
-0.88934
-0.87586
-0.88431
-0.86716
-0.82966
-0.78618
-0.79374
-0.84968
-0.91262
-0.89382
-0.88918
-0.80275
-0.79304
-0.82594
-0.83304
-0.89511
-0.9092
-0.91831
-0.96692
-1.0005
-1.0041
-1.0095
-0.98458
-1.0022
-1.0117
-1.0535
-1.0997
-1.0598
-1.0064
-0.96745
-0.98693
-1.0193
-0.97771
-0.96587
-0.95193
-0.90652
-0.9624
-0.92035
-0.87548
-0.89396
-0.89761
-0.96144
-0.95983
-0.93706
-0.93853
-0.94078
-0.97593
-0.99812
-0.96698
-0.99039
-1.0407
-1.0316
-1.0425
-0.99225
-0.95423
-0.93314
-0.92597
-0.93894
-0.90306
-0.92353
-0.9111
-0.88928
-0.85775
-0.85867
-0.80765
-0.85172
-0.86869
-0.85003
-0.8726
-0.82706
-0.80624
-0.85518
-0.92272
-0.92114
-0.93648
-0.96633
-1.0218
-1.0287
-1.0365
-0.99105
-0.92829
-0.85953
-0.89041
-0.9127
-0.87476
-0.89417
-0.88758
-0.88986
-0.92123
-0.94392
-0.92839
-0.9412
-0.91334
-0.94881
-0.98897
-0.95323
-0.91968
-0.9376
-0.89124
-0.90364
-0.95767
-0.9771
-0.97065
-0.98181
-1.0124
-1.09
-1.0373
-1.0366
-1.0022
-0.94431
-0.94982
-0.91028
-0.9623
-0.94326
-0.9541
-0.94302
-0.9154
-0.94693
-0.90399
-0.91663
-0.89934
-0.94354
-0.96077
-0.97515
-0.92423
-0.93563
-0.90687
-0.93639
-0.94945
-0.92021
-0.97902
-1.0669
-1.0475
-0.99665
-1.0063
-0.96761
-0.96674
-0.97234
-0.96344
-0.95879
-0.97034
-0.97856
-0.91395
-0.93047
-0.94032
-0.95879
-0.95427
-0.96761
-0.96164
-0.95081
-0.93
-0.89666
-0.8976
-0.8871
-0.89543
-0.90728
-0.86637
-0.83848
-0.81727
-0.78458
-0.82975
-0.82417
-0.87121
-0.93744
-0.97496
-0.94125
-0.95211
-0.96828
-0.97374
-1.0201
-1.0302
-0.96726
-0.98363
-0.98007
-0.99243
-0.95312
-1.0274
-0.98961
-1.0661
-1.1002
-1.0755
-1.0449
-1.0779
-1.0624
-1.0111
-0.96122
-0.96388
-0.96104
-0.98172
-0.94855
-0.98287
-0.9621
-0.89888
-0.8837
-0.86039
-0.85274
-0.82864
-0.84532
-0.829
-0.78757
-0.81177
-0.80197
-0.88338
-0.88777
-0.94337
-0.93804
-0.97274
-0.94159
-0.99825
-0.96642
-0.964
-1.0158
-1.0334
-1.0249
-1.0236
-1.0237
-0.99366
-1.0138
-1.0344
-1.0006
-0.96831
-0.98704
-0.97465
-0.93921
-0.92202
-0.92651
-0.89645
-0.91287
-0.87194
-0.90703
-0.87804
-0.90541
-0.9618
-0.92469
-0.98312
-0.99146
-0.98515
-1.0011
-1.0016
-1.0023
-0.95135
-0.94732
-0.93503
-0.87484
-0.8531
-0.85481
-0.84985
-0.8842
-0.91512
-0.90944
-0.91678
-0.95663
-0.95814
-0.93908
-0.86268
-0.88465
-0.90917
-0.89911
-0.89686
-0.87766
-0.91977
-0.97093
-0.96725
-0.95102
-0.97432
-0.97614
-0.97888
-0.96651
-0.97087
-0.94917
-0.97003
-0.95702
-0.9514
-1.011
-0.96998
-0.9687
-0.99082
-0.94624
-0.97447
-0.92567
-0.88185
-0.85506
-0.84289
-0.89364
-0.90112
-0.87172
-0.87746
-0.89101
-0.87089
-0.87262
-0.93405
-1.0121
-0.98224
-0.90665
-0.90401
-0.93413
-0.95415
-0.91572
-0.89435
-0.90353
-0.90787
-0.92926
-0.98707
-0.9754
-0.92857
-0.93927
-0.92346
-0.90965
-0.94048
-0.88987
-0.85004
-0.82463
-0.84119
-0.84564
-0.9164
-0.97381
-0.94353
-0.9316
-0.90829
-0.91896
-0.98305
-0.95838
-0.96546
-0.95144
-0.9799
-1.0257
-0.95098
-0.88387
-0.92784
-0.93133
-0.88606
-0.90325
-0.88304
-0.89024
-0.86683
-0.84807
-0.8636
-0.85071
-0.89573
-0.88057
-0.91606
-0.94037
-0.96157
-0.95921
-0.89965
-0.91626
-0.9349
-0.96455
-0.95368
-0.98252
-0.93502
-0.94476
-0.96584
-0.94573
-1.0092
-1.0378
-1.0258
-1.0092
-1.0178
-1.0118
-0.99499
-0.96066
-0.94073
-0.91863
-0.96011
-1.0086
-1.024
-0.98246
-0.95625
-0.93354
-0.96587
-0.93716
-0.94461
-0.94191
-0.94846
-0.99395
-0.98402
-0.9846
-0.97958
-0.98064
-1.0383
-1.007
-1.0039
-1.0062
-0.98275
-0.99286
-1.0098
-0.99069
-0.96312
-0.94681
-0.93907
-0.9262
-0.93505
-0.92116
-0.96715
-0.97193
-0.95148
-0.97118
-0.9911
-0.94014
-0.98383
-0.95909
-1.0102
-1.0248
-1.0275
-1.0126
-0.9818
-0.93076
-0.96927
-1.0004
-1.0402
-1.0576
-0.98785
-0.98499
-0.97313
-0.99949
-0.98166
-0.89829
-0.87183
-0.87946
-0.8478
-0.79486
-0.74517
-0.77443
-0.75569
-0.75471
-0.79348
-0.85733
-0.89982
-0.89371
-0.9243
-0.90816
-0.91209
-0.89765
-0.93678
-0.91884
-0.95483
-0.96691
-0.98226
-0.96412
-0.94071
-0.89275
-0.88379
-0.8512
-0.8358
-0.86836
-0.89934
-0.87103
-0.8934
-0.89543
-0.87889
-0.84375
-0.87554
-0.8696
-0.88702
-0.93363
-0.95337
-0.95602
-0.96454
-0.99053
-0.96827
-0.96824
-0.97493
-0.95857
-1.0002
-0.99952
-1.0115
-1.0556
-1.0213
-1.0639
-1.0178
-1.0543
-1.0509
-1.0718
-1.0479
-1.0502
-1.0593
-1.0819
-1.0315
-1.0729
-1.0735
-1.0745
-1.0841
-1.0437
-1.0209
-1.0083
-1.0503
-1.0414
-0.97163
-0.96578
-0.91658
-0.91861
-0.95268
-0.94836
-0.93005
-0.99991
-0.98441
-0.97563
-0.94347
-0.96199
-0.96031
-1.0028
-0.95076
-0.96462
-1.0148
-1.0326
-1.0336
-1.0017
-0.96906
-0.89305
-0.96892
-0.9415
-0.87714
-0.83946
-0.86388
-0.85456
-0.89947
-0.88027
-0.88876
-0.91547
-0.92381
-0.89992
-0.93419
-0.91396
-0.90043
-0.92853
-0.94165
-0.90136
-0.90209
-0.88537
-0.89372
-0.84721
-0.94156
-0.9949
-1.0215
-1.0438
-1.0646
-1.0764
-1.0479
-1.0854
-1.144
-1.1482
-1.1022
-1.0729
-1.0408
-1.0064
-0.93716
-0.91621
-0.94454
-0.9
-0.90894
-0.89794
-0.91592
-0.93433
-0.93599
-0.9676
-0.97221
-0.9648
-1.0363
-1.0045
-1.0488
-1.0686
-1.029
-1.0546
-1.0415
-0.98662
-0.97902
-1.0122
-0.97229
-0.94789
-0.9345
-0.88771
-0.94686
-0.92426
-0.94885
-1.0019
-0.98501
-0.95656
-0.96179
-1.0012
-0.9284
-0.94785
-0.95477
-0.96218
-0.93048
-0.93679
-0.96535
-0.94582
-0.94533
-0.95139
-0.92694
-0.88973
-0.93605
-0.85642
-0.91052
-0.92471
-0.94489
-0.89692
-0.8827
-0.87046
-0.87848
-0.92652
-0.94526
-0.94658
-0.95326
-0.90927
-0.92029
-0.86687
-0.85777
-0.86533
-0.8445
-0.85853
-0.83331
-0.83695
-0.82866
-0.8383
-0.89398
-0.88075
-0.90886
-0.96216
-0.95512
-0.86646
-0.89214
-0.86039
-0.8541
-0.82145
-0.81912
-0.84267
-0.85568
-0.89167
-0.93048
-0.90261
-0.92745
-0.97692
-0.98365
-0.99608
-1.0231
-1.0132
-1.0043
-1.0159
-1.0359
-1.0096
-0.97563
-0.96257
-0.95628
-0.95451
-0.93659
-0.99296
-0.9464
-0.94303
-0.94057
-0.93328
-0.93649
-0.95995
-0.90639
-0.86614
-0.84822
-0.90329
-0.91876
-0.92055
-0.94062
-0.94227
-0.97424
-0.966
-0.89878
-0.92126
-0.93737
-0.94505
-0.98016
-0.99892
-0.91302
-0.85178
-0.84454
-0.78215
-0.8272
-0.77092
-0.79229
-0.75025
-0.7685
-0.76314
-0.77706
-0.78658
-0.787
-0.8312
-0.85807
-0.84465
-0.86882
-0.8424
-0.84743
-0.85625
-0.89983
-0.90786
-0.87459
-0.84905
-0.89119
-0.85961
-0.8721
-0.86338
-0.91206
-0.90258
-0.90316
-0.93537
-0.85712
-0.90553
-0.88693
-0.94167
-0.96669
-0.99166
-0.94305
-0.95575
-0.9058
-0.91689
-0.93592
-0.93258
-0.89977
-0.93168
-0.96135
-0.92653
-0.9121
-0.90097
-0.88074
-0.87197
-0.89327
-0.86562
-0.85215
-0.82488
-0.80116
-0.85506
-0.92064
-0.96835
-0.95769
-0.96818
-0.95717
-0.95542
-0.96805
-1.0123
-1.0057
-1.0014
-1.0138
-1.0328
-0.95643
-1.0129
-0.99966
-0.98579
-0.99722
-0.99309
-0.97913
-0.95678
-0.95858
-1.0006
-0.95746
-0.94606
-0.8835
-0.88506
-0.88947
-0.83847
-0.81412
-0.78466
-0.82458
-0.81782
-0.79062
-0.8437
-0.84537
-0.87018
-0.89248
-0.93908
-0.95551
-0.99627
-0.94754
-1.0264
-1.0045
-1.0118
-1.0227
-0.98217
-0.99639
-0.99407
-0.99976
-0.9381
-0.91391
-0.86233
-0.88019
-0.90473
-0.93834
-0.94974
-0.93062
-0.93149
-0.9449
-0.89223
-0.90228
-0.94476
-1.0138
-0.94924
-0.93167
-0.95785
-0.90684
-0.90879
-0.87931
-0.90739
-0.86227
-0.86063
-0.90204
-0.89027
-0.9289
-0.89004
-0.94468
-0.93893
-0.93007
-0.92956
-0.93632
-0.91194
-0.9385
-0.92728
-0.98892
-0.97577
-0.99869
-1.038
-1.0541
-1.0514
-1.0479
-1.0362
-1.0191
-0.97915
-0.95664
-0.99508
-0.99692
-1.015
-0.9296
-0.91463
-0.95247
-0.97314
-0.95089
-0.97051
-0.989
-0.9566
-0.9739
-0.96533
-0.9933
-0.97229
-1.0502
-1.0037
-0.96285
-0.91213
-0.93191
-0.91863
-0.9453
-0.92624
-0.95813
-0.91709
-0.90771
-0.92015
-0.91738
-0.91221
-0.89433
-0.91286
-0.90404
-0.90932
-0.92103
-0.91709
-0.94972
-0.91881
-0.95456
-0.94935
-0.95975
-0.95346
-0.86002
-0.90027
-0.88385
-0.89006
-0.99524
-0.9883
-1.0124
-0.99058
-0.98337
-0.95226
-0.92614
-0.91828
-0.95216
-1.0057
-0.99008
-0.97783
-0.93114
-0.95763
-1.0169
-1.0233
-1.0404
-1.0166
-1.0257
-0.97804
-0.92796
-0.93632
-0.9384
-0.94599
-0.92208
-0.91444
-0.90863
-0.8984
-0.91701
-0.94857
-0.92365
-0.89631
-0.87753
-0.80975
-0.88375
-0.88866
-0.84993
-0.84291
-0.79457
-0.8477
-0.87659
-0.88926
-0.93588
-0.91786
-0.92975
-0.94021
-0.92643
-0.95999
-0.96366
-0.96726
-0.97072
-0.93596
-0.93117
-0.98715
-0.97663
-1.0258
-1.0129
-0.99583
-0.94645
-0.94042
-0.97043
-0.9455
-0.93432
-0.9755
-0.96171
-0.90271
-0.90712
-0.86483
-0.86308
-0.91325
-0.92894
-0.95959
-0.98493
-0.9674
-0.9233
-0.94014
-0.94394
-0.94194
-0.94891
-0.94221
-0.90809
-0.95572
-0.96924
-0.94921
-0.87172
-0.88872
-0.90188
-0.92177
-0.92992
-0.9555
-0.96113
-0.94096
-0.94998
-0.92451
-0.99149
-1.0179
-0.97671
-0.96478
-0.9
-0.98
-0.97305
-0.99454
-0.97008
-0.95663
-0.94633
-0.95493
-0.95458
-0.97255
-0.99781
-0.96574
-0.91609
-0.89363
-0.8573
-0.92588
-0.90466
-0.90606
-0.92798
-0.97164
-0.95519
-0.95095
-0.97113
-0.91665
-0.91009
-0.92738
-0.86728
-0.84727
-0.84686
-0.84409
-0.92364
-0.92583
-0.93301
-0.92504
-0.93392
-0.90001
-0.90729
-0.86837
-0.89345
-0.88961
-0.87503
-0.91782
-0.99084
-0.99699
-0.92422
-0.93918
-0.96006
-0.99995
-1.0052
-0.98267
-1.0105
-1.0493
-1.0077
-1.072
-1.0832
-0.98838
-0.9426
-0.97892
-0.95988
-0.93925
-0.96173
-0.94699
-0.88061
-0.84648
-0.87116
-0.88921
-0.89309
-0.92448
-0.94065
-0.91077
-0.9293
-0.86906
-0.83426
-0.81262
-0.82233
-0.82171
-0.83024
-0.82606
-0.85984
-0.91047
-0.90151
-0.90711
-0.9032
-0.88435
-0.93207
-0.94027
-0.95424
-0.92957
-0.92346
-0.89021
-0.85494
-0.87325
-0.87423
-0.90197
-0.90097
-0.91347
-0.89529
-0.86721
-0.92571
-0.90603
-0.932
-0.98689
-0.98277
-0.99163
-0.99363
-0.97404
-1.0204
-1.0192
-1.0056
-0.97963
-0.97807
-0.9491
-1.0235
-1.0521
-0.98972
-1.0209
-1.0129
-1.0133
-1.0006
-0.94083
-0.92345
-0.90287
-0.95949
-1.0409
-1.007
-0.93128
-0.87724
-0.88646
-0.91762
-0.95098
-0.95058
-0.96521
-0.97553
-0.94638
-0.95398
-0.95537
-0.94664
-0.98522
-0.98611
-0.96026
-0.92975
-0.90563
-0.92709
-0.94004
-0.90657
-0.87276
-0.82251
-0.82942
-0.84412
-0.88173
-0.84837
-0.89072
-0.9222
-0.91083
-0.91217
-0.90049
-0.916
-0.8711
-0.90761
-0.91619
-0.94686
-0.96639
-1.0069
-0.93442
-0.89264
-0.92429
-0.91676
-0.90255
-0.8695
-0.89327
-0.84853
-0.87919
-0.88415
-0.87868
-0.86806
-0.86224
-0.89035
-0.88307
-0.87273
-0.84498
-0.85247
-0.84641
-0.86091
-0.86713
-0.89697
-0.89681
-0.88595
-0.90774
-0.92697
-0.96533
-0.9663
-0.9618
-0.9304
-0.8889
-0.94662
-0.96371
-0.97734
-0.94018
-0.96389
-0.9814
-0.97701
-0.97874
-0.91643
-0.87816
-0.83299
-0.82027
-0.91448
-0.94679
-0.9099
-0.9116
-0.86838
-0.94902
-0.92616
-0.92776
-0.90094
-0.89696
-0.88749
-0.99129
-0.96961
-0.99221
-0.94758
-0.85025
-0.87966
-0.89113
-0.87543
-0.8899
-0.844
-0.85748
-0.90959
-0.92429
-0.88747
-0.90093
-0.92224
-0.93681
-0.90195
-0.89416
-0.91919
-0.95059
-1.0007
-0.94166
-0.92264
-0.97734
-0.9896
-0.96834
-0.95311
-0.97464
-0.98488
-0.96329
-0.99283
-0.993
-1.0386
-1.0298
-0.98562
-0.96678
-0.97493
-0.98255
-0.98825
-0.95395
-0.98818
-1.0416
-1.0123
-1.0176
-0.97448
-0.98812
-0.96417
-0.96796
-0.89701
-0.95123
-1.0009
-1.0133
-1.0113
-1.0038
-1.0336
-1.0058
-1.0026
-0.94634
-0.94166
-0.97212
-0.95748
-0.97264
-0.96943
-0.9327
-0.94126
-0.92695
-0.94319
-0.90473
-0.93196
-0.92064
-0.91894
-0.90455
-0.92545
-0.9053
-0.93441
-0.95838
-0.91978
-0.91364
-0.92672
-0.95472
-1.0122
-0.99649
-1.0457
-1.0489
-1.0589
-1.0088
-0.98866
-0.92955
-0.92244
-0.93107
-0.9121
-0.95891
-0.97349
-0.95925
-0.90956
-0.87679
-0.91207
-0.95245
-1.0049
-0.97431
-0.96044
-0.95717
-0.93865
-0.90314
-0.86752
-0.86849
-0.85014
-0.86212
-0.93442
-0.90045
-0.91967
-0.86773
-0.87889
-0.91704
-0.93554
-0.91889
-0.90253
-0.91579
-0.9027
-0.88634
-0.9222
-0.87225
-0.89988
-0.93176
-0.93173
-0.88203
-0.87756
-0.89945
-0.94498
-0.98101
-0.94968
-0.91976
-0.92172
-0.93133
-0.94744
-0.93823
-0.94006
-0.93555
-0.90297
-0.88167
-0.92465
-0.92516
-0.908
-0.9053
-0.95939
-0.95417
-1.0134
-1.002
-1.0071
-1.0267
-0.98532
-0.9742
-0.91682
-0.91477
-0.8817
-0.90094
-0.87696
-0.90871
-1.0251
-1.0335
-0.9881
-0.9093
-0.91947
-0.96423
-0.96718
-0.99787
-0.97483
-0.93782
-0.89858
-0.92067
-0.93897
-0.95715
-0.90287
-0.9208
-0.92725
-0.89184
-0.92415
-0.92883
-0.96959
-0.96135
-0.95652
-1.0014
-1.0292
-1.0644
-1.0526
-1.022
-1.0256
-1.0003
-0.98047
-0.96874
-0.96049
-0.95979
-0.91274
-0.94021
-0.95912
-0.95415
-0.99912
-0.97779
-0.99544
-1.0326
-0.98492
-1.0034
-0.915
-0.93533
-0.96616
-0.9409
-0.92101
-0.89055
-0.84736
-0.82033
-0.81628
-0.83781
-0.83503
-0.84273
-0.86607
-0.82995
-0.88866
-0.89222
-0.89539
-0.85443
-0.89256
-0.89364
-0.89611
-0.89682
-0.9381
-0.97286
-0.96434
-0.94448
-0.93397
-0.93206
-0.93772
-0.89085
-0.80676
-0.84955
-0.85143
-0.89597
-0.86262
-0.82125
-0.84785
-0.88131
-0.94656
-0.96754
-0.90544
-0.82278
-0.85324
-0.90693
-0.86964
-0.86322
-0.8825
-0.86559
-0.8234
-0.87354
-0.84314
-0.81283
-0.87592
-0.88235
-0.89104
-0.88795
-0.90257
-0.89826
-0.8875
-0.90228
-0.94242
-0.89809
-0.89973
-0.83517
-0.81878
-0.83938
-0.8477
-0.85169
-0.77152
-0.78296
-0.80516
-0.87022
-0.9212
-0.87602
-0.90231
-0.88455
-0.8763
-0.88986
-0.92007
-0.92134
-0.93009
-0.89001
-0.90201
-0.9265
-0.93775
-0.94688
-0.93939
-0.92395
-0.905
-0.93046
-0.97871
-0.99953
-0.96356
-0.92033
-0.91072
-0.96659
-0.91796
-0.96423
-0.95237
-0.94607
-0.94765
-0.99555
-0.98318
-0.991
-0.94598
-1.0192
-1.0357
-1.0108
-1.0722
-1.0374
-1.0123
-0.96692
-0.94849
-0.96344
-0.98677
-0.98223
-1.0061
-0.96002
-0.90444
-0.87716
-0.95277
-0.93233
-0.90755
-0.90489
-0.91466
-0.89403
-0.91882
-0.91739
-0.92723
-0.86614
-0.85285
-0.82057
-0.85388
-0.82443
-0.86427
-0.82862
-0.80217
-0.78652
-0.77948
-0.77439
-0.85268
-0.87549
-0.90394
-0.97687
-0.97491
-0.93252
-0.9438
-0.93764
-0.91418
-0.94822
-0.97829
-1.0245
-0.97709
-0.93618
-0.95123
-0.98088
-0.96937
-0.91697
-0.88741
-0.91399
-0.95346
-0.98846
-0.99394
-1.0428
-1.0257
-0.97825
-0.99447
-0.9635
-0.98468
-0.95013
-0.94112
-0.97624
-1.003
-0.93381
-0.94623
-0.94776
-0.96598
-0.90633
-0.91453
-0.95406
-0.95949
-0.88719
-0.89165
-0.90046
-0.8871
-0.84547
-0.88074
-0.88974
-0.91346
-0.91782
-0.94167
-0.91903
-0.90374
-0.92914
-0.99762
-0.98616
-1.0154
-0.99968
-1.0111
-0.91902
-0.87358
-0.84369
-0.85285
-0.85337
-0.86263
-0.86981
-0.86061
-0.92155
-0.88545
-0.91086
-0.93151
-0.9183
-0.9052
-0.91865
-0.8501
-0.84746
-0.84476
-0.80444
-0.78773
-0.79836
-0.82854
-0.82561
-0.82287
-0.88267
-0.91852
-0.94941
-0.96539
-0.99531
-0.98225
-0.96065
-0.91813
-0.92334
-0.91576
-0.97189
-0.9752
-0.97077
-0.98927
-0.96912
-0.99247
-0.97521
-0.93169
-0.9745
-0.98024
-0.95479
-0.88896
-0.87113
-0.8807
-0.90186
-0.93058
-0.95797
-0.98488
-0.96556
-0.92679
-0.89278
-0.90773
-0.88811
-0.86552
-0.88524
-0.87535
-0.88386
-0.8674
-0.86624
-0.84788
-0.87118
-0.87486
-0.91002
-0.89098
-0.88379
-0.941
-0.87171
-0.91991
-0.91473
-0.88517
-0.9384
-0.99526
-0.98675
-0.99817
-1.0096
-0.97153
-0.96358
-0.95851
-0.95852
-0.94418
-0.79968
-0.81298
-0.79014
-0.82362
-0.80577
-0.81429
-0.83614
-0.86034
-0.85291
-0.86345
-0.84158
-0.86085
-0.87235
-0.91315
-0.8721
-0.94217
-1.0121
-1.03
-1.0231
-1.0328
-0.96076
-0.90915
-0.92176
-0.93693
-0.92776
-0.89874
-0.91554
-0.89686
-0.92313
-0.91017
-0.89583
-0.89448
-0.90856
-0.89549
-0.90829
-0.92018
-0.95138
-0.97764
-0.99225
-1.0036
-0.98401
-0.9795
-0.90608
-0.96135
-0.93846
-0.93312
-0.91498
-0.90376
-0.88831
-0.90283
-0.88863
-0.90193
-0.86822
-0.84037
-0.86227
-0.87206
-0.83694
-0.84433
-0.86829
-0.93325
-0.91035
-0.9101
-0.85727
-0.90856
-0.90993
-0.84438
-0.94712
-0.95852
-0.91087
-0.87519
-0.85062
-0.86399
-0.87278
-0.86535
-0.8431
-0.86128
-0.85254
-0.89029
-0.84474
-0.9058
-0.89402
-0.91486
-0.95418
-0.97963
-0.91721
-0.86494
-0.86209
-0.88538
-0.86262
-0.89229
-0.93307
-0.953
-0.95012
-0.91083
-0.88269
-0.90749
-0.86983
-0.902
-0.8639
-0.86918
-0.85926
-0.83829
-0.87264
-0.92456
-0.90772
-0.88541
-0.88146
-0.87218
-0.87283
-0.8824
-0.91691
-0.86698
-0.85618
-0.83373
-0.86207
-0.89522
-0.93212
-0.91547
-0.90572
-0.93245
-1.0096
-0.95962
-0.95454
-0.97081
-0.91946
-0.92241
-0.96907
-0.95533
-0.90634
-0.961
-1.0178
-1.0107
-1.0078
-1.0023
-0.98991
-0.99981
-0.95652
-0.94369
-0.9511
-0.92668
-0.99613
-0.91436
-0.86751
-0.85242
-0.92151
-0.94511
-0.97218
-0.97781
-0.95907
-0.91197
-0.91222
-0.94472
-0.93799
-0.94059
-0.93533
-0.9233
-0.95475
-0.9864
-0.99323
-0.98403
-0.94834
-0.92672
-0.92531
-0.90962
-0.9321
-0.92032
-0.91333
-0.95415
-0.9549
-0.9779
-0.92708
-0.91393
-0.85424
-0.86704
-0.83442
-0.82845
-0.79938
-0.838
-0.78477
-0.79883
-0.81079
-0.78138
-0.82189
-0.88739
-0.85244
-0.84494
-0.82163
-0.88029
-0.88758
-0.87255
-0.91187
-0.90633
-0.96209
-0.97002
-0.97214
-0.9624
-0.92594
-0.90382
-0.91282
-0.87703
-0.84517
-0.86817
-0.87417
-0.87619
-0.88727
-0.90514
-0.88414
-0.90586
-0.87236
-0.87404
-0.88215
-0.93563
-0.94462
-0.91163
-0.90132
-0.93106
-0.89906
-0.88774
-0.88516
-0.87829
-0.90438
-0.9369
-0.98853
-1.0082
-0.93644
-0.96716
-0.97799
-0.98502
-0.96143
-0.93287
-0.93645
-0.89898
-0.94886
-0.94293
-0.93732
-0.95685
-0.94371
-0.95756
-0.91937
-0.88741
-0.86211
-0.8614
-0.84599
-0.92689
-0.91843
-0.9523
-1.0153
-1.0018
-0.93762
-0.94593
-0.96238
-0.98299
-1.0395
-0.98889
-0.93931
-0.98217
-0.99732
-0.99141
-0.94184
-0.94925
-1.0072
-0.95413
-0.97466
-0.98358
-0.92435
-0.89976
-0.85404
-0.84582
-0.80229
-0.82222
-0.79821
-0.81403
-0.83929
-0.79321
-0.85948
-0.80405
-0.76033
-0.76818
-0.77768
-0.7949
-0.77929
-0.79707
-0.80911
-0.80658
-0.85189
-0.85869
-0.89676
-0.95274
-0.98747
-1.0009
-1.0109
-0.97148
-0.91274
-0.91025
-0.8925
-0.9072
-0.86976
-0.87062
-0.89445
-0.85614
-0.87699
-0.83536
-0.84303
-0.93459
-0.96343
-0.97671
-0.98002
-0.92303
-0.95674
-0.95902
-0.94247
-0.92567
-0.90638
-0.93373
-0.97089
-0.98314
-0.93839
-0.87106
-0.8611
-0.87529
-0.90758
-0.95529
-0.97738
-0.94221
-0.95264
-0.95493
-0.93242
-0.94669
-0.90672
-0.91307
-0.8697
-0.86989
-0.8835
-0.92572
-0.97429
-0.99372
-0.975
-0.93988
-0.9408
-0.92158
-0.89499
-0.92523
-0.87466
-0.87479
-0.86525
-0.9265
-0.88892
-0.87441
-0.85677
-0.93729
-0.92975
-0.90126
-0.88659
-0.92198
-0.87351
-0.89444
-0.85652
-0.84741
-0.86539
-0.87406
-0.94625
-0.91373
-0.9618
-0.97684
-1.0187
-1.0243
-1.004
-0.93756
-0.93835
-0.91217
-0.90108
-0.88809
-0.85524
-0.85337
-0.8401
-0.86282
-0.87087
-0.8459
-0.8768
-0.86338
-0.82883
-0.80501
-0.82801
-0.78547
-0.7514
-0.77463
-0.79786
-0.80455
-0.90401
-0.89858
-0.89613
-0.88663
-0.89908
-0.87505
-0.79621
-0.77535
-0.78771
-0.77866
-0.76871
-0.77381
-0.81379
-0.84145
-0.88792
-0.89194
-0.91717
-0.88286
-0.92822
-0.91128
-0.86003
-0.88154
-0.8826
-0.91702
-0.87923
-0.9064
-0.91163
-0.92096
-0.94654
-0.94587
-0.90099
-0.93513
-0.84496
-0.85745
-0.84636
-0.83583
-0.85369
-0.84235
-0.85468
-0.83625
-0.88528
-0.89295
-0.91525
-0.90984
-0.95328
-0.9589
-0.90498
-0.9066
-0.89159
-0.89042
-0.88178
-0.92348
-0.9291
-0.9637
-1
-1.066
-1.039
-1.047
-1.0279
-1.0081
-0.91309
-0.90784
-0.87799
-0.84911
-0.77308
-0.75193
-0.79443
-0.78987
-0.80309
-0.80769
-0.77696
-0.81301
-0.84248
-0.82371
-0.79667
-0.82821
-0.81848
-0.86848
-0.83051
-0.77375
-0.81624
-0.77051
-0.78491
-0.84479
-0.87514
-0.91104
-0.89247
-0.85913
-0.90606
-0.92553
-0.87115
-0.892
-0.89473
-0.88206
-0.89726
-0.89587
-0.866
-0.93864
-0.91089
-0.84306
-0.89007
-0.92173
-0.95145
-0.96536
-0.98151
-1.0025
-0.98088
-0.9066
-0.94751
-0.96895
-0.97223
-0.91045
-0.90969
-0.91044
-0.91715
-0.89552
-0.92222
-0.95706
-0.97349
-0.97198
-0.99081
-0.99792
-0.97981
-0.96184
-0.95748
-0.97437
-0.97778
-0.9849
-1.027
-0.95811
-0.89968
-0.83976
-0.83924
-0.91549
-0.97217
-0.95735
-0.91901
-0.90955
-0.93937
-0.92766
-0.88825
-0.87753
-0.85955
-0.91552
-0.91096
-0.8702
-0.90083
-0.88559
-0.9211
-0.87781
-0.90064
-0.90796
-0.92781
-0.94928
-0.94985
-0.95146
-0.90375
-0.93382
-0.94056
-0.97259
-1.0007
-1.03
-0.94726
-0.94028
-0.94465
-0.95625
-0.99464
-1.0109
-0.98089
-0.97119
-1.0027
-0.94956
-0.92467
-0.93424
-0.92206
-0.91155
-0.88409
-0.90528
-0.93984
-0.90262
-0.92286
-0.88444
-0.95273
-0.93705
-0.91312
-0.86631
-0.87678
-0.91872
-0.88282
-0.90634
-0.92528
-0.92765
-0.93889
-0.9054
-0.89818
-0.8809
-0.89164
-0.86182
-0.82145
-0.77861
-0.76729
-0.7771
-0.75705
-0.76992
-0.82611
-0.8778
-0.85669
-0.85582
-0.80609
-0.82734
-0.84267
-0.86683
-0.8605
-0.88594
-0.91768
-0.94472
-0.95652
-0.92706
-0.9427
-0.97697
-0.92346
-0.92333
-0.93192
-0.94211
-0.94844
-0.9653
-0.88706
-0.93236
-0.92354
-0.90224
-0.93416
-0.92921
-0.97022
-0.94467
-0.9329
-0.9189
-0.91528
-0.93947
-0.95267
-0.98112
-0.99604
-0.98508
-0.9746
-0.9783
-0.98874
-0.92641
-0.94429
-0.8908
-0.9249
-0.92148
-0.96152
-0.9444
-0.89172
-0.89739
-0.89624
-0.85862
-0.81874
-0.84139
-0.85182
-0.84443
-0.85303
-0.89969
-0.89155
-0.89735
-0.88762
-0.8623
-0.88623
-0.83413
-0.84321
-0.88332
-0.83023
-0.81343
-0.77613
-0.81173
-0.81973
-0.8774
-0.93512
-0.95797
-0.9067
-0.85088
-0.8334
-0.86681
-0.84417
-0.80498
-0.79456
-0.77707
-0.75157
-0.7456
-0.77084
-0.75159
-0.75881
-0.78663
-0.7498
-0.72194
-0.75648
-0.81316
-0.86671
-0.85394
-0.8295
-0.85189
-0.85378
-0.84177
-0.84321
-0.84027
-0.85488
-0.87237
-0.86682
-0.91749
-0.8827
-0.92461
-0.95019
-0.96075
-0.97345
-1.0142
-0.96752
-0.99889
-0.97636
-0.9628
-0.95126
-0.92746
-0.93908
-0.89909
-0.88109
-0.82435
-0.85397
-0.85606
-0.89591
-0.94785
-0.98847
-1.0181
-0.95978
-0.96687
-1.0131
-1.0043
-0.94569
-0.99143
-0.99812
-0.98696
-0.99432
-0.92451
-0.8724
-0.88804
-0.88103
-0.83996
-0.85275
-0.89087
-0.91847
-0.90726
-0.91867
-0.96107
-0.97284
-0.94235
-0.94428
-0.89797
-0.90539
-0.81859
-0.84213
-0.79815
-0.84335
-0.87735
-0.89385
-0.85551
-0.80496
-0.83368
-0.86568
-0.83855
-0.85735
-0.81142
-0.82359
-0.84512
-0.83715
-0.83289
-0.85378
-0.88166
-0.84936
-0.85763
-0.89147
-0.87436
-0.86228
-0.87002
-0.89063
-0.9022
-0.882
-0.91543
-0.84303
-0.81157
-0.81636
-0.83382
-0.8279
-0.87986
-0.91346
-0.91674
-0.93948
-0.99331
-1.0323
-1.0139
-0.98075
-0.92127
-0.88352
-0.86807
-0.90769
-0.95252
-0.94833
-0.97998
-0.97126
-0.95342
-0.96409
-0.99842
-0.9759
-0.96436
-0.97893
-0.96107
-0.97738
-0.91768
-0.91174
-0.87363
-0.85882
-0.8484
-0.83031
-0.79981
-0.81514
-0.76041
-0.76861
-0.81601
-0.83983
-0.89568
-0.86204
-0.89617
-0.93238
-0.94336
-0.93112
-0.95313
-1.0009
-0.92907
-0.95422
-0.94645
-0.93757
-0.91339
-0.93542
-0.97781
-0.985
-1.0088
-0.99951
-0.93592
-0.99013
-0.9402
-0.88291
-0.91336
-0.88325
-0.91617
-0.90484
-0.89677
-0.91344
-0.87541
-0.86833
-0.82973
-0.81152
-0.78754
-0.81169
-0.78548
-0.73979
-0.78483
-0.82083
-0.81951
-0.83775
-0.84396
-0.83074
-0.81795
-0.80672
-0.84627
-0.8603
-0.82604
-0.80313
-0.79856
-0.83977
-0.8827
-0.88542
-0.86834
-0.84113
-0.86053
-0.85738
-0.8568
-0.89102
-0.94192
-0.9675
-0.94076
-0.86891
-0.8779
-0.88335
-0.89944
-0.86062
-0.87732
-0.8915
-0.91347
-0.93271
-0.95261
-0.89939
-0.94448
-0.92278
-0.95025
-0.94665
-0.91881
-0.96853
-0.98686
-0.96033
-0.95041
-0.95854
-0.90049
-0.90118
-0.87792
-0.91548
-0.94898
-0.87791
-0.89361
-0.89064
-0.88494
-0.89499
-0.87155
-0.82211
-0.86581
-0.81295
-0.78104
-0.80684
-0.87526
-0.87576
-0.85949
-0.82877
-0.8259
-0.77266
-0.73299
-0.75543
-0.78189
-0.80182
-0.83209
-0.85842
-0.84828
-0.81256
-0.77312
-0.74184
-0.79568
-0.76213
-0.77782
-0.76319
-0.73759
-0.77935
-0.80285
-0.85602
-0.78426
-0.80617
-0.79696
-0.8467
-0.83559
-0.85186
-0.84721
-0.86102
-0.92536
-0.91386
-0.96208
-0.9232
-0.95833
-0.94346
-0.96683
-0.93949
-0.79789
-0.82157
-0.86919
-0.825
-0.85378
-0.88141
-0.87461
-0.88691
-0.89881
-0.93439
-0.89142
-0.89024
-0.92064
-0.92753
-0.94688
-0.99222
-0.922
-0.95286
-0.95198
-0.88919
-0.88995
-0.86634
-0.84513
-0.86159
-0.90693
-0.85113
-0.8966
-0.88376
-0.86887
-0.83902
-0.87019
-0.91237
-0.83964
-0.87079
-0.84583
-0.8651
-0.9191
-0.88263
-0.87638
-0.87755
-0.88337
-0.86794
-0.85241
-0.84388
-0.8493
-0.7746
-0.78771
-0.80673
-0.78013
-0.776
-0.77764
-0.76857
-0.80629
-0.87612
-0.83929
-0.8012
-0.83659
-0.90445
-0.93239
-0.92413
-0.92122
-0.89413
-0.89268
-0.9024
-0.927
-0.91575
-0.95503
-0.93714
-0.91179
-0.91579
-0.9121
-0.91585
-0.86401
-0.83665
-0.82059
-0.86397
-0.85323
-0.83187
-0.84644
-0.89216
-0.96478
-0.90167
-0.886
-0.85634
-0.84836
-0.88551
-0.89447
-0.86655
-0.90049
-0.92143
-0.93814
-0.93378
-0.91095
-0.92888
-0.92769
-0.93586
-0.92533
-0.89539
-0.87297
-0.91293
-0.9308
-0.94205
-0.915
-0.85456
-0.81595
-0.81798
-0.83783
-0.86248
-0.87626
-0.82649
-0.8584
-0.87201
-0.86691
-0.87483
-0.94187
-0.9807
-1.0009
-0.96512
-0.96087
-0.95761
-0.82176
-0.87727
-0.92717
-0.94366
-0.94372
-0.97794
-0.95746
-0.95211
-0.9788
-0.9665
-1.001
-0.91847
-0.86592
-0.87876
-0.87454
-0.93573
-0.93774
-0.96103
-0.91764
-0.85574
-0.79842
-0.81996
-0.82559
-0.87349
-0.87689
-0.94993
-0.96184
-0.97378
-0.93729
-0.95285
-0.97957
-1.0429
-1.0218
-1.0867
-1.0697
-1.0575
-1.0024
-1.0027
-0.96506
-0.98921
-1.003
-0.99443
-0.97765
-0.9405
-0.98502
-0.99916
-0.91824
-0.88243
-0.89893
-0.88672
-0.89263
-0.8869
-0.88706
-0.88898
-0.87197
-0.90362
-0.86389
-0.82777
-0.90271
-0.88851
-0.89842
-0.94427
-0.92438
-0.98569
-0.98686
-0.9799
-0.97684
-1.001
-1.0172
-1.0041
-1.008
-1.0064
-1.024
-0.98204
-0.98039
-1.0007
-0.96806
-0.92622
-0.86656
-0.9156
-0.86122
-0.87692
-0.87186
-0.89946
-0.86251
-0.8588
-0.85641
-0.86172
-0.87754
-0.87322
-0.79148
-0.81796
-0.82717
-0.85099
-0.85656
-0.89086
-0.91272
-0.92683
-0.9167
-0.91521
-0.90838
-0.97912
-0.96994
-0.90089
-0.87504
-0.80509
-0.85114
-0.87836
-0.87883
-0.88019
-0.80528
-0.79134
-0.84697
-0.84631
-0.85072
-0.86518
-0.88112
-0.86603
-0.81949
-0.8418
-0.80945
-0.80663
-0.80356
-0.78626
-0.81179
-0.86257
-0.80059
-0.81368
-0.84591
-0.88627
-0.89164
-0.88206
-0.8514
-0.86033
-0.835
-0.85828
-0.85818
-0.90902
-0.89009
-0.87896
-0.9317
-0.92835
-0.90857
-0.9058
-0.86948
-0.89582
-0.88949
-0.84597
-0.92173
-0.93688
-0.97573
-1.0152
-0.96725
-0.94556
-0.93855
-0.95629
-0.93034
-0.93839
-0.88013
-0.92546
-0.93706
-0.91594
-0.92458
-0.93517
-0.94015
-0.98003
-1.0484
-1.0142
-0.93051
-0.87926
-0.87912
-0.88274
-0.89188
-0.90309
-0.92929
-0.95927
-0.92158
-0.87692
-0.88611
-0.8632
-0.86585
-0.80905
-0.78773
-0.77407
-0.85717
-0.80376
-0.81234
-0.82801
-0.80361
-0.818
-0.81196
-0.81014
-0.79511
-0.85736
-0.85422
-0.83868
-0.82065
-0.78258
-0.7752
-0.74375
-0.81929
-0.85067
-0.874
-0.83538
-0.85823
-0.91346
-0.93245
-0.90072
-0.87621
-0.87347
-0.88294
-0.88395
-0.86404
-0.89192
-0.90661
-0.88958
-0.81825
-0.82513
-0.78358
-0.81107
-0.84705
-0.82694
-0.87239
-0.87415
-0.86254
-0.8845
-0.91961
-0.98655
-0.95407
-0.92759
-0.93979
-0.9702
-0.94785
-0.89373
-0.87304
-0.88065
-0.8576
-0.8786
-0.90932
-0.92632
-0.96568
-0.97669
-0.97913
-1.0145
-0.95942
-0.9087
-0.89982
-0.8736
-0.88128
-0.8618
-0.9449
-0.94315
-0.90368
-0.89272
-0.84951
-0.87895
-0.9245
-0.92409
-0.95005
-0.9141
-0.87333
-0.85086
-0.81847
-0.81796
-0.83571
-0.86102
-0.84173
-0.85816
-0.88263
-0.86128
-0.87219
-0.90005
-0.91284
-0.8841
-0.89377
-0.93803
-0.91004
-0.97149
-0.9586
-0.91105
-0.87395
-0.84569
-0.92473
-0.93221
-0.8873
-0.88744
-0.82821
-0.8467
-0.86177
-0.89315
-0.8887
-0.88534
-0.87971
-0.91161
-0.86552
-0.86969
-0.95111
-0.96347
-0.88953
-0.89465
-0.89278
-0.88997
-0.93463
-0.96494
-0.99074
-0.93319
-0.92066
-0.91189
-0.87256
-0.89043
-0.88785
-0.87275
-0.83404
-0.85525
-0.92468
-0.91398
-0.97898
-1.0092
-1.0551
-0.99985
-0.90923
-0.91628
-0.89558
-0.94136
-0.93194
-0.91012
-0.83512
-0.84393
-0.83783
-0.88642
-0.88975
-0.91776
-0.93436
-0.95634
-0.96333
-0.92127
-0.95344
-0.93218
-0.90616
-0.94097
-0.94299
-0.95648
-0.90618
-0.8778
-0.83046
-0.83893
-0.86378
-0.77319
-0.79525
-0.75387
-0.78254
-0.80214
-0.83777
-0.828
-0.79442
-0.82112
-0.8419
-0.78683
-0.8211
-0.78267
-0.81032
-0.81995
-0.88581
-0.88452
-0.86575
-0.88199
-0.85449
-0.83504
-0.81282
-0.8271
-0.81123
-0.81566
-0.80369
-0.7992
-0.83955
-0.844
-0.84989
-0.82776
-0.83469
-0.80763
-0.75717
-0.71619
-0.69774
-0.6986
-0.65724
-0.65619
-0.62798
-0.69128
-0.70077
-0.6529
-0.68323
-0.73448
-0.74934
-0.76849
-0.78138
-0.7953
-0.85148
-0.78756
-0.82529
-0.74865
-0.74504
-0.68169
-0.67373
-0.67739
-0.75244
-0.73755
-0.79182
-0.78392
-0.79706
-0.79653
-0.78452
-0.83156
-0.78546
-0.81961
-0.82235
-0.81745
-0.78107
-0.80536
-0.74901
-0.75067
-0.73801
-0.7921
-0.83679
-0.88259
-0.90605
-0.91173
-0.85807
-0.84219
-0.8029
-0.82868
-0.76085
-0.72683
-0.78142
-0.77884
-0.76533
-0.77916
-0.77731
-0.77433
-0.76595
-0.74126
-0.74182
-0.75975
-0.76133
-0.74614
-0.72959
-0.71808
-0.67809
-0.69378
-0.71098
-0.72564
-0.74456
-0.81556
-0.83291
-0.79209
-0.78997
-0.77129
-0.80493
-0.83546
-0.85239
-0.86932
-0.87535
-0.88036
-0.89851
-0.9274
-0.87886
-0.84713
-0.8964
-0.87238
-0.82386
-0.81161
-0.80059
-0.75101
-0.7633
-0.75763
-0.80984
-0.78347
-0.77879
-0.83666
-0.81654
-0.81611
-0.79347
-0.82007
-0.8377
-0.79829
-0.85675
-0.88829
-0.89968
-0.91556
-0.90993
-0.90451
-0.88626
-0.87325
-0.8489
-0.84567
-0.84176
-0.87558
-0.88792
-0.90334
-0.90819
-0.89041
-0.9206
-0.9771
-1.0148
-0.9932
-0.94628
-0.85652
-0.86425
-0.88186
-0.83387
-0.80148
-0.78424
-0.75781
-0.74493
-0.80587
-0.81438
-0.80987
-0.85647
-0.84259
-0.83115
-0.80222
-0.77849
-0.86459
-0.87177
-0.91821
-0.92021
-0.91355
-0.92608
-0.88752
-0.86889
-0.81948
-0.82887
-0.82292
-0.86497
-0.87585
-0.85315
-0.85397
-0.80829
-0.78255
-0.76509
-0.75047
-0.71358
-0.70819
-0.72257
-0.74815
-0.76806
-0.79838
-0.87791
-0.89939
-0.87225
-0.87613
-0.91331
-0.82423
-0.8134
-0.84428
-0.8641
-0.87521
-0.88051
-0.85843
-0.839
-0.82863
-0.77986
-0.77004
-0.79144
-0.87772
-0.85119
-0.81343
-0.81166
-0.80746
-0.82239
-0.8409
-0.88004
-0.88646
-0.88856
-0.9416
-0.88868
-0.90902
-0.84882
-0.80649
-0.77314
-0.83078
-0.81455
-0.80115
-0.82569
-0.82941
-0.76547
-0.80425
-0.78013
-0.77343
-0.80896
-0.85193
-0.81731
-0.78383
-0.7899
-0.73986
-0.76961
-0.86343
-0.86489
-0.85777
-0.87155
-0.8901
-0.89723
-0.90481
-0.87418
-0.92282
-0.913
-0.8846
-0.87116
-0.89097
-0.83414
-0.77505
-0.80811
-0.84161
-0.77262
-0.77497
-0.80821
-0.82459
-0.82195
-0.83927
-0.86492
-0.84611
-0.85643
-0.85565
-0.85278
-0.84809
-0.82938
-0.85209
-0.84937
-0.82687
-0.84947
-0.82712
-0.80935
-0.87084
-0.85089
-0.79916
-0.83129
-0.81064
-0.84801
-0.78856
-0.84201
-0.83199
-0.85081
-0.84022
-0.89824
-0.90143
-0.92521
-0.94229
-0.88689
-0.83981
-0.84417
-0.87674
-0.82068
-0.81613
-0.80131
-0.80599
-0.85185
-0.84676
-0.84397
-0.86562
-0.87142
-0.88822
-0.88862
-0.91447
-0.94125
-0.95302
-0.92274
-0.93133
-0.91754
-0.88346
-0.90186
-0.9412
-0.99977
-0.95955
-0.98203
-0.94393
-0.97393
-0.93684
-0.97726
-0.96521
-0.9639
-0.95353
-0.95714
-0.9366
-0.9205
-0.90313
-0.85405
-0.88764
-0.87495
-0.83718
-0.88314
-0.91094
-0.86238
-0.86332
-0.84756
-0.82579
-0.80051
-0.87434
-0.84674
-0.86469
-0.80402
-0.84768
-0.84511
-0.83709
-0.8171
-0.81854
-0.84408
-0.85344
-0.82259
-0.82768
-0.82153
-0.79799
-0.8677
-0.82467
-0.81614
-0.85846
-0.88838
-0.87179
-0.88098
-0.88215
-0.83097
-0.78982
-0.83142
-0.83321
-0.792
-0.7312
-0.74416
-0.77968
-0.80399
-0.81284
-0.83533
-0.79567
-0.85569
-0.90868
-0.89626
-0.89915
-0.93824
-0.93185
-0.91093
-0.83259
-0.83476
-0.83375
-0.82119
-0.8367
-0.85458
-0.86374
-0.83376
-0.85941
-0.84844
-0.9044
-0.88984
-0.87071
-0.86501
-0.88082
-0.89588
-0.94634
-0.89779
-0.88315
-0.87133
-0.84727
-0.83139
-0.81825
-0.85199
-0.85888
-0.82658
-0.78563
-0.77794
-0.84438
-0.8323
-0.82727
-0.85606
-0.82511
-0.81612
-0.82156
-0.77552
-0.8346
-0.89314
-0.86046
-0.84577
-0.85859
-0.87438
-0.81205
-0.80493
-0.78635
-0.82691
-0.83171
-0.79682
-0.80241
-0.77973
-0.81177
-0.80793
-0.81906
-0.79931
-0.81671
-0.82391
-0.80684
-0.80085
-0.8273
-0.84534
-0.86104
-0.84489
-0.81825
-0.86012
-0.91431
-0.9258
-0.92387
-0.89784
-0.94333
-0.95749
-0.95453
-0.95472
-0.89159
-0.89195
-0.88445
-0.92398
-0.92585
-0.96015
-0.94622
-0.91172
-0.97049
-0.97713
-0.96784
-0.94953
-0.89499
-0.88239
-0.83944
-0.88358
-0.8981
-0.83297
-0.86006
-0.81277
-0.83089
-0.80226
-0.83628
-0.82704
-0.85265
-0.82185
-0.8234
-0.87239
-0.86929
-0.9069
-0.86305
-0.87574
-0.86576
-0.8621
-0.88563
-0.88793
-0.85428
-0.85463
-0.79549
-0.79331
-0.83251
-0.80851
-0.83844
-0.8124
-0.82233
-0.84742
-0.88725
-0.86056
-0.86152
-0.84391
-0.83758
-0.84219
-0.78908
-0.80346
-0.76338
-0.76707
-0.76294
-0.79499
-0.803
-0.79791
-0.86122
-0.87133
-0.85512
-0.85938
-0.88326
-0.94234
-0.96411
-0.90852
-0.92078
-0.93376
-0.9194
-0.91834
-0.9019
-0.88607
-0.88066
-0.87205
-0.87723
-0.87146
-0.81638
-0.86871
-0.90198
-0.88682
-0.92612
-0.89776
-0.90656
-0.89114
-0.87945
-0.85011
-0.85433
-0.91197
-0.91954
-0.90419
-0.91882
-0.86725
-0.81455
-0.8024
-0.75798
-0.80244
-0.82015
-0.86261
-0.87836
-0.87613
-0.85558
-0.82776
-0.77105
-0.78169
-0.78908
-0.76371
-0.76465
-0.74549
-0.77051
-0.74859
-0.76449
-0.76665
-0.76175
-0.77472
-0.84194
-0.85909
-0.80147
-0.85837
-0.89488
-0.83022
-0.84026
-0.79984
-0.75924
-0.74574
-0.71485
-0.66786
-0.73718
-0.73101
-0.73222
-0.71063
-0.76133
-0.70862
-0.73702
-0.7552
-0.76892
-0.77868
-0.76227
-0.77585
-0.78934
-0.78719
-0.74554
-0.8192
-0.83554
-0.81701
-0.7927
-0.77112
-0.76806
-0.75672
-0.78787
-0.78735
-0.77873
-0.7982
-0.8311
-0.81339
-0.79821
-0.8014
-0.82401
-0.842
-0.82308
-0.7803
-0.80593
-0.7621
-0.79037
-0.80589
-0.85075
-0.81827
-0.79394
-0.83832
-0.83073
-0.85155
-0.77784
-0.77101
-0.81008
-0.80457
-0.77497
-0.78949
-0.79279
-0.77425
-0.74992
-0.77484
-0.75981
-0.76649
-0.84019
-0.88623
-0.88178
-0.85517
-0.89448
-0.86597
-0.86923
-0.87725
-0.84454
-0.8862
-0.93705
-0.91594
-0.93096
-0.94773
-0.95242
-0.90286
-0.89961
-0.9095
-0.87229
-0.84779
-0.83702
-0.84242
-0.85668
-0.84281
-0.81831
-0.85483
-0.84964
-0.86461
-0.8778
-0.81127
-0.82491
-0.78546
-0.88079
-0.81955
-0.81346
-0.82022
-0.82219
-0.78655
-0.79987
-0.77859
-0.75708
-0.71028
-0.64849
-0.68955
-0.6894
-0.70468
-0.66166
-0.65862
-0.67002
-0.6853
-0.72058
-0.72908
-0.73945
-0.796
-0.84945
-0.84074
-0.83326
-0.85134
-0.87588
-0.81992
-0.83645
-0.87592
-0.89012
-0.83855
-0.92181
-0.8657
-0.85156
-0.86579
-0.8214
-0.82403
-0.80935
-0.77324
-0.79409
-0.80143
-0.79426
-0.83321
-0.84665
-0.85722
-0.83671
-0.85785
-0.87061
-0.8584
-0.85935
-0.89101
-0.84306
-0.82127
-0.82345
-0.84786
-0.85558
-0.89183
-0.89346
-0.97239
-1.0187
-0.97177
-0.98964
-0.97017
-0.9604
-0.93446
-0.90659
-0.91772
-0.94388
-0.94792
-0.94463
-0.93322
-0.92579
-0.93182
-0.96629
-0.96485
-0.97287
-0.92873
-0.877
-0.86435
-0.92217
-0.90422
-0.91488
-0.92397
-0.86565
-0.89518
-0.88532
-0.88877
-0.87033
-0.86052
-0.83986
-0.844
-0.85725
-0.84898
-0.84848
-0.89101
-0.86395
-0.88644
-0.88454
-0.90513
-0.92423
-0.91581
-0.86955
-0.80569
-0.78093
-0.80809
-0.81332
-0.8039
-0.80806
-0.81343
-0.84318
-0.90102
-0.88841
-0.88549
-0.82994
-0.78652
-0.83433
-0.82685
-0.77373
-0.76071
-0.79157
-0.76532
-0.77736
-0.79364
-0.82928
-0.87497
-0.83589
-0.79434
-0.77657
-0.79843
-0.83185
-0.83328
-0.83608
-0.84124
-0.8149
-0.79978
-0.77368
-0.82303
-0.86911
-0.89074
-0.88019
-0.90206
-0.87433
-0.86984
-0.82165
-0.8355
-0.79325
-0.7641
-0.77755
-0.80088
-0.76282
-0.74329
-0.70451
-0.67439
-0.69709
-0.69566
-0.69051
-0.74541
-0.79013
-0.7752
-0.76856
-0.75726
-0.75589
-0.74614
-0.80276
-0.78682
-0.82458
-0.83627
-0.82344
-0.79567
-0.76238
-0.76985
-0.73395
-0.69555
-0.70544
-0.7471
-0.78385
-0.78208
-0.78591
-0.76775
-0.80851
-0.82109
-0.84097
-0.88181
-0.91184
-0.86586
-0.85772
-0.86899
-0.83511
-0.82277
-0.83728
-0.89564
-0.90382
-0.92812
-0.93937
-0.89823
-0.88988
-0.92612
-0.97767
-0.96283
-0.91207
-0.857
-0.87242
-0.81894
-0.80379
-0.78674
-0.81145
-0.77656
-0.75278
-0.80749
-0.81499
-0.87721
-0.86587
-0.83674
-0.82076
-0.79437
-0.76344
-0.74259
-0.73272
-0.81758
-0.8256
-0.82305
-0.77518
-0.85302
-0.8382
-0.82086
-0.78122
-0.7431
-0.78518
-0.78858
-0.80609
-0.77248
-0.80463
-0.85586
-0.82946
-0.87679
-0.8173
-0.82625
-0.84334
-0.8537
-0.89092
-0.86802
-0.82782
-0.80427
-0.79237
-0.8009
-0.80226
-0.74276
-0.7523
-0.81145
-0.84884
-0.78345
-0.74778
-0.76463
-0.78474
-0.76271
-0.73744
-0.75128
-0.78365
-0.76181
-0.77538
-0.76466
-0.74898
-0.7412
-0.78441
-0.81642
-0.87006
-0.85544
-0.87895
-0.86182
-0.86029
-0.8355
-0.8419
-0.8525
-0.79098
-0.79181
-0.79273
-0.8033
-0.78219
-0.77426
-0.81396
-0.85696
-0.85654
-0.90587
-0.94157
-0.91184
-0.89361
-0.89399
-0.87193
-0.86447
-0.80678
-0.82031
-0.83835
-0.81525
-0.82228
-0.79516
-0.79448
-0.77134
-0.78256
-0.75051
-0.81103
-0.82148
-0.78297
-0.79149
-0.85188
-0.81299
-0.80391
-0.79093
-0.81785
-0.87652
-0.873
-0.87824
-0.83774
-0.82724
-0.82823
-0.82179
-0.83006
-0.85123
-0.81971
-0.82023
-0.86172
-0.86974
-0.87558
-0.86009
-0.85516
-0.87469
-0.87145
-0.84589
-0.8407
-0.83363
-0.81853
-0.83075
-0.85905
-0.84098
-0.84403
-0.86442
-0.90157
-0.86422
-0.8835
-0.8876
-0.84633
-0.85618
-0.80466
-0.82827
-0.77107
-0.75177
-0.74666
-0.74555
-0.73742
-0.7664
-0.75078
-0.77735
-0.75713
-0.76182
-0.8124
-0.78963
-0.76421
-0.75525
-0.74584
-0.72757
-0.74546
-0.75363
-0.75018
-0.72052
-0.6911
-0.70307
-0.69047
-0.73803
-0.72591
-0.75283
-0.7616
-0.74333
-0.75136
-0.79426
-0.84385
-0.87354
-0.86396
-0.8536
-0.87116
-0.8387
-0.85619
-0.8373
-0.78346
-0.82215
-0.77843
-0.77503
-0.77158
-0.72175
-0.72801
-0.77101
-0.75342
-0.70044
-0.67704
-0.68293
-0.69838
-0.72465
-0.69965
-0.70063
-0.7134
-0.74128
-0.75545
-0.75054
-0.72489
-0.70749
-0.71033
-0.74761
-0.73228
-0.71044
-0.71203
-0.687
-0.66639
-0.63649
-0.64087
-0.66545
-0.69483
-0.72008
-0.71675
-0.68783
-0.69942
-0.69867
-0.75184
-0.77658
-0.77315
-0.8124
-0.82872
-0.78848
-0.77265
-0.80393
-0.80287
-0.80522
-0.80902
-0.81033
-0.84062
-0.9011
-0.86072
-0.83643
-0.87201
-0.86978
-0.8696
-0.82306
-0.82654
-0.77611
-0.80529
-0.77603
-0.84423
-0.87793
-0.88554
-0.83375
-0.78617
-0.79878
-0.83155
-0.80818
-0.74775
-0.77266
-0.76371
-0.80622
-0.73671
-0.77285
-0.79802
-0.77214
-0.79722
-0.76945
-0.83974
-0.77695
-0.79612
-0.73251
-0.76114
-0.78384
-0.7747
-0.7777
-0.80532
-0.77877
-0.80059
-0.81636
-0.78696
-0.7474
-0.74617
-0.7784
-0.79088
-0.75153
-0.75603
-0.72611
-0.66696
-0.70138
-0.71021
-0.72526
-0.75488
-0.79147
-0.81204
-0.75152
-0.76166
-0.7317
-0.75333
-0.72852
-0.77327
-0.77804
-0.78217
-0.85669
-0.85851
-0.90642
-0.8876
-0.87696
-0.90523
-0.89783
-0.90619
-0.91769
-0.92277
-0.93791
-0.96093
-0.94799
-0.92619
-0.95147
-0.89991
-0.82533
-0.85244
-0.84484
-0.86439
-0.87649
-0.8432
-0.88142
-0.90498
-0.87661
-0.89441
-0.90795
-0.92641
-0.90736
-0.92598
-0.92062
-0.91023
-0.91644
-0.92143
-0.90664
-0.93574
-0.94026
-0.90134
-0.89946
-0.85027
-0.811
-0.78188
-0.82847
-0.8356
-0.86264
-0.8846
-0.84624
-0.84935
-0.88217
-0.82921
-0.87952
-0.82725
-0.84763
-0.82973
-0.8373
-0.84198
-0.84961
-0.8913
-0.88125
-0.87278
-0.846
-0.85076
-0.79399
-0.80753
-0.82727
-0.77996
-0.74274
-0.73448
-0.7638
-0.76385
-0.75693
-0.76602
-0.75215
-0.74322
-0.72947
-0.76781
-0.84412
-0.83735
-0.84595
-0.86523
-0.84358
-0.84632
-0.88004
-0.88143
-0.87403
-0.87477
-0.82541
-0.86171
-0.89213
-0.89322
-0.87677
-0.87666
-0.83783
-0.76345
-0.76118
-0.76781
-0.7612
-0.71523
-0.72895
-0.70975
-0.72844
-0.74198
-0.73043
-0.75326
-0.75065
-0.76349
-0.68331
-0.68835
-0.78881
-0.78174
-0.85774
-0.84185
-0.83839
-0.86123
-0.85887
-0.8095
-0.79783
-0.81325
-0.85286
-0.83574
-0.84214
-0.82177
-0.89351
-0.84584
-0.83979
-0.8243
-0.81753
-0.81712
-0.84546
-0.83924
-0.83632
-0.79512
-0.81401
-0.82466
-0.809
-0.78474
-0.8188
-0.78842
-0.80962
-0.78327
-0.75317
-0.78806
-0.83183
-0.83183
-0.84754
-0.86077
-0.80284
-0.81343
-0.82936
-0.88421
-0.89442
-0.95168
-0.96328
-0.88778
-0.87253
-0.85135
-0.82319
-0.78539
-0.77743
-0.83998
-0.89931
-0.85933
-0.83768
-0.81245
-0.82752
-0.841
-0.87841
-0.93084
-0.91704
-0.94382
-0.94403
-0.8828
-0.85659
-0.82385
-0.81041
-0.81628
-0.83017
-0.83695
-0.86744
-0.83946
-0.87778
-0.88711
-0.8649
-0.83845
-0.82636
-0.79349
-0.76913
-0.82775
-0.81894
-0.7907
-0.78646
-0.84125
-0.85852
-0.86003
-0.86471
-0.83777
-0.86357
-0.84429
-0.87665
-0.90237
-0.91188
-0.89351
-0.85028
-0.83669
-0.85627
-0.82127
-0.82266
-0.82726
-0.83374
-0.85234
-0.87246
-0.85896
-0.92578
-0.91094
-0.885
-0.89278
-0.86733
-0.86281
-0.85162
-0.90524
-0.89119
-0.93477
-0.89862
-0.8702
-0.87914
-0.90639
-0.89827
-0.90725
-0.91449
-0.90995
-0.90065
-0.87606
-0.8389
-0.81853
-0.73126
-0.7436
-0.72862
-0.69502
-0.65543
-0.67377
-0.69593
-0.68988
-0.71288
-0.66094
-0.66444
-0.72442
-0.73788
-0.78852
-0.81031
-0.82445
-0.86281
-0.90043
-0.87695
-0.85301
-0.86798
-0.88979
-0.82688
-0.77628
-0.7949
-0.81394
-0.77972
-0.76642
-0.82726
-0.8542
-0.93956
-0.93355
-0.94256
-0.93868
-0.95604
-0.96862
-0.93771
-0.95421
-0.98206
-0.94791
-0.8876
-0.8878
-0.90532
-0.90744
-0.92583
-0.91001
-0.83864
-0.83849
-0.88832
-0.93682
-0.91482
-0.9057
-0.94542
-1.0227
-1.0039
-0.98229
-0.9779
-1.0354
-0.98212
-0.9597
-0.95912
-0.95945
-0.9761
-0.99347
-0.94112
-0.89529
-0.92661
-0.91644
-0.8896
-0.91622
-0.89691
-0.89955
-0.89125
-0.86704
-0.85329
-0.84462
-0.90827
-0.89589
-0.92708
-0.88434
-0.86101
-0.8657
-0.86796
-0.88857
-0.84125
-0.84202
-0.84179
-0.78715
-0.7936
-0.72225
-0.69702
-0.72464
-0.7245
-0.75173
-0.78056
-0.79983
-0.80136
-0.8119
-0.78839
-0.76765
-0.73589
-0.75004
-0.77695
-0.77588
-0.76392
-0.76709
-0.77214
-0.77332
-0.77642
-0.75489
-0.76578
-0.77408
-0.80345
-0.81682
-0.77987
-0.83731
-0.87081
-0.80989
-0.92082
-0.88555
-0.92019
-0.91448
-0.8971
-0.91758
-0.92345
-0.883
-0.86119
-0.89591
-0.9024
-0.91479
-0.90608
-0.88667
-0.87086
-0.85027
-0.82455
-0.83153
-0.87181
-0.87414
-0.84769
-0.83548
-0.85335
-0.86787
-0.93519
-0.88799
-0.91236
-0.89231
-0.86063
-0.85019
-0.80729
-0.7828
-0.84114
-0.82786
-0.78547
-0.75382
-0.74265
-0.79202
-0.77386
-0.81943
-0.82309
-0.75075
-0.76427
-0.79158
-0.80896
-0.78294
-0.77934
-0.7925
-0.81982
-0.84258
-0.91261
-0.88695
-0.88543
-0.86282
-0.88519
-0.90796
-0.9108
-0.93869
-0.8844
-0.84272
-0.88016
-0.81345
-0.85615
-0.84758
-0.82176
-0.81619
-0.80153
-0.85108
-0.7712
-0.7911
-0.72694
-0.72821
-0.72073
-0.71061
-0.68037
-0.74592
-0.76641
-0.75551
-0.7694
-0.76335
-0.83335
-0.82168
-0.84126
-0.83923
-0.80632
-0.83398
-0.80633
-0.83838
-0.78968
-0.85981
-0.85634
-0.84626
-0.8313
-0.85854
-0.91056
-0.88429
-0.87845
-0.88669
-0.88983
-0.83999
-0.87662
-0.89193
-0.84156
-0.84482
-0.83298
-0.84791
-0.81037
-0.82224
-0.77866
-0.80892
-0.76036
-0.74817
-0.74175
-0.76679
-0.79557
-0.79063
-0.7932
-0.79537
-0.84177
-0.80362
-0.8224
-0.78851
-0.80361
-0.78705
-0.83854
-0.85242
-0.86035
-0.84776
-0.80074
-0.78934
-0.77804
-0.76306
-0.76016
-0.71168
-0.67788
-0.69164
-0.68897
-0.72369
-0.77116
-0.80441
-0.82059
-0.83674
-0.83121
-0.76633
-0.77433
-0.8202
-0.83877
-0.82466
-0.90252
-0.97255
-0.99748
-0.97779
-0.97899
-0.95767
-0.90154
-0.8941
-0.92669
-0.90202
-0.85441
-0.85163
-0.84541
-0.81278
-0.79896
-0.73966
-0.7757
-0.77524
-0.75357
-0.80078
-0.78884
-0.80041
-0.81254
-0.82636
-0.82524
-0.82288
-0.78032
-0.84599
-0.8734
-0.8717
-0.87876
-0.88133
-0.86316
-0.77211
-0.73454
-0.62991
-0.6709
-0.70411
-0.67305
-0.65534
-0.64
-0.64703
-0.66175
-0.68755
-0.71586
-0.71117
-0.68589
-0.69463
-0.70935
-0.72527
-0.75055
-0.73503
-0.77556
-0.83859
-0.89006
-0.90614
-0.89902
-0.88255
-0.84339
-0.84722
-0.89512
-0.88404
-0.8652
-0.78885
-0.80175
-0.83734
-0.88652
-0.93977
-0.88862
-0.85341
-0.8678
-0.83157
-0.83812
-0.80285
-0.8327
-0.80956
-0.81586
-0.82451
-0.77487
-0.81224
-0.81366
-0.86102
-0.84431
-0.82643
-0.84087
-0.85044
-0.80111
-0.78458
-0.81277
-0.78694
-0.79398
-0.71965
-0.68617
-0.69278
-0.66407
-0.69521
-0.68613
-0.61749
-0.69785
-0.6636
-0.69191
-0.71878
-0.72711
-0.71679
-0.71155
-0.69127
-0.66269
-0.72086
-0.69536
-0.68204
-0.72758
-0.68921
-0.73973
-0.75813
-0.7437
-0.737
-0.79043
-0.81797
-0.87689
-0.88833
-0.93984
-0.91093
-0.91006
-0.86128
-0.88996
-0.88945
-0.91274
-0.84514
-0.80815
-0.77555
-0.79861
-0.79135
-0.75688
-0.74754
-0.73981
-0.68916
-0.71458
-0.68375
-0.63324
-0.6444
-0.58751
-0.64409
-0.64484
-0.59802
-0.61748
-0.61328
-0.66266
-0.7235
-0.73001
-0.74121
-0.74794
-0.72552
-0.75138
-0.73037
-0.71702
-0.75384
-0.76567
-0.71696
-0.7517
-0.75326
-0.81461
-0.86278
-0.84386
-0.86038
-0.83022
-0.86006
-0.82035
-0.82159
-0.7818
-0.8104
-0.79064
-0.8424
-0.85604
-0.87406
-0.89161
-0.84451
-0.86088
-0.83313
-0.79528
-0.73669
-0.67203
-0.66008
-0.61028
-0.64126
-0.69458
-0.74881
-0.77525
-0.85454
-0.86355
-0.88016
-0.8717
-0.86373
-0.8733
-0.87023
-0.88236
-0.89646
-0.90805
-0.91563
-0.87115
-0.87787
-0.82831
-0.83218
-0.85026
-0.79853
-0.8044
-0.84062
-0.78937
-0.77188
-0.79269
-0.84286
-0.82697
-0.83673
-0.78976
-0.81488
-0.84501
-0.8566
-0.90742
-0.91357
-0.89998
-0.90569
-0.87904
-0.85662
-0.85914
-0.82839
-0.8189
-0.81284
-0.87539
-0.85704
-0.79461
-0.75809
-0.73571
-0.73604
-0.68517
-0.71576
-0.75175
-0.7908
-0.77636
-0.81101
-0.85913
-0.88845
-0.92322
-0.89428
-0.85332
-0.82636
-0.77569
-0.77682
-0.72119
-0.76493
-0.76997
-0.72351
-0.77323
-0.79262
-0.84699
-0.82079
-0.84324
-0.85894
-0.86439
-0.83235
-0.83927
-0.89262
-0.86938
-0.81719
-0.76787
-0.77501
-0.76268
-0.76294
-0.79216
-0.8426
-0.78417
-0.754
-0.73458
-0.76094
-0.76938
-0.76268
-0.75897
-0.69041
-0.65893
-0.65686
-0.73864
-0.7175
-0.70726
-0.74618
-0.77625
-0.73618
-0.80639
-0.84575
-0.79867
-0.76084
-0.78318
-0.79554
-0.78845
-0.81266
-0.81893
-0.78656
-0.87143
-0.8683
-0.87095
-0.85641
-0.82089
-0.86259
-0.86505
-0.79712
-0.80426
-0.808
-0.82972
-0.85034
-0.79801
-0.78098
-0.8142
-0.83531
-0.84868
-0.93764
-0.93777
-0.93583
-0.88481
-0.89019
-0.89857
-0.87887
-0.79315
-0.87142
-0.86893
-0.76182
-0.78705
-0.76957
-0.78756
-0.76659
-0.76749
-0.75961
-0.7657
-0.79168
-0.80338
-0.78729
-0.81152
-0.82381
-0.9128
-0.91263
-0.88218
-0.8931
-0.86265
-0.81971
-0.81499
-0.79151
-0.78943
-0.83386
-0.90412
-0.8644
-0.86294
-0.87766
-0.80896
-0.78356
-0.80891
-0.82146
-0.80296
-0.77579
-0.76146
-0.77472
-0.77167
-0.77252
-0.81337
-0.8
-0.74727
-0.70359
-0.68924
-0.73649
-0.75305
-0.78899
-0.85703
-0.83427
-0.83557
-0.90267
-0.91836
-0.89795
-0.84399
-0.83254
-0.81293
-0.76967
-0.765
-0.75631
-0.69304
-0.69358
-0.69662
-0.69211
-0.7001
-0.71335
-0.73756
-0.76841
-0.77085
-0.81174
-0.81481
-0.78156
-0.75634
-0.76856
-0.73731
-0.75312
-0.8088
-0.77125
-0.78118
-0.79525
-0.85257
-0.88555
-0.89395
-0.8915
-0.88049
-0.87548
-0.85133
-0.80697
-0.82596
-0.82321
-0.818
-0.87112
-0.88357
-0.85364
-0.85226
-0.85382
-0.91818
-0.92557
-0.92892
-0.88915
-0.86614
-0.81655
-0.85229
-0.89317
-0.86082
-0.859
-0.88456
-0.89253
-0.92359
-0.87962
-0.8678
-0.87313
-0.84576
-0.88696
-0.83683
-0.86087
-0.84036
-0.83109
-0.85873
-0.7959
-0.78443
-0.80102
-0.81656
-0.85723
-0.81991
-0.8055
-0.76003
-0.79555
-0.81642
-0.78404
-0.81315
-0.82476
-0.82796
-0.85347
-0.84525
-0.87202
-0.88141
-0.92694
-0.88691
-0.87963
-0.87187
-0.89739
-0.93436
-0.93368
-0.84498
-0.88112
-0.8329
-0.88697
-0.8877
-0.85957
-0.8424
-0.8577
-0.82011
-0.79413
-0.78215
-0.79838
-0.76634
-0.7679
-0.77628
-0.78557
-0.82284
-0.83026
-0.84688
-0.82979
-0.82552
-0.81583
-0.80561
-0.81923
-0.76528
-0.76186
-0.76561
-0.71533
-0.77395
-0.76315
-0.71113
-0.75269
-0.75692
-0.78619
-0.79107
-0.76715
-0.76025
-0.74488
-0.74356
-0.71303
-0.68872
-0.73381
-0.72182
-0.70814
-0.65375
-0.62552
-0.59492
-0.59515
-0.58445
-0.55008
-0.56625
-0.59087
-0.57621
-0.53881
-0.53176
-0.56302
-0.56536
-0.59148
-0.60525
-0.56924
-0.5381
-0.53956
-0.56183
-0.55974
-0.52876
-0.55651
-0.57541
-0.54578
-0.56324
-0.56476
-0.5694
-0.59411
-0.58693
-0.63033
-0.61842
-0.58407
-0.57586
-0.62651
-0.62386
-0.66329
-0.70357
-0.74829
-0.78212
-0.77368
-0.72612
-0.70104
-0.78554
-0.73778
-0.7631
-0.74207
-0.75576
-0.71098
-0.72222
-0.69576
-0.68388
-0.7045
-0.74394
-0.78142
-0.80604
-0.74129
-0.78005
-0.79029
-0.76933
-0.75882
-0.76457
-0.79322
-0.7537
-0.78858
-0.78439
-0.78611
-0.7525
-0.73186
-0.70111
-0.72384
-0.72559
-0.75558
-0.77434
-0.80207
-0.83375
-0.81057
-0.84701
-0.8506
-0.80064
-0.76423
-0.79219
-0.79798
-0.76491
-0.78461
-0.85826
-0.85112
-0.85222
-0.8028
-0.83781
-0.83837
-0.84066
-0.84518
-0.82453
-0.81143
-0.8375
-0.87861
-0.87468
-0.89277
-0.86984
-0.84521
-0.8964
-0.8844
-0.83539
-0.78757
-0.80821
-0.79567
-0.75745
-0.7352
-0.71834
-0.74541
-0.74407
-0.76588
-0.81027
-0.75408
-0.73156
-0.6896
-0.72739
-0.69147
-0.68742
-0.78541
-0.8156
-0.81818
-0.83936
-0.85027
-0.83544
-0.86248
-0.86931
-0.8381
-0.8325
-0.79049
-0.78762
-0.82975
-0.82377
-0.79533
-0.76576
-0.79915
-0.80167
-0.79933
-0.82521
-0.82794
-0.83482
-0.81544
-0.85831
-0.82095
-0.84595
-0.82697
-0.82804
-0.81038
-0.77318
-0.77283
-0.85819
-0.90423
-0.88531
-0.83453
-0.84324
-0.87026
-0.83536
-0.84127
-0.81103
-0.83244
-0.81937
-0.85463
-0.85902
-0.80869
-0.81803
-0.80359
-0.82007
-0.81458
-0.80008
-0.80073
-0.8002
-0.80281
-0.77657
-0.84218
-0.80527
-0.80282
-0.77867
-0.78416
-0.77116
-0.75876
-0.74289
-0.79379
-0.82728
-0.77498
-0.73379
-0.72539
-0.70708
-0.72207
-0.72094
-0.71672
-0.70148
-0.71627
-0.71709
-0.73818
-0.76923
-0.75475
-0.76827
-0.7641
-0.7172
-0.67775
-0.70632
-0.7228
-0.71059
-0.69247
-0.72282
-0.6973
-0.7111
-0.70166
-0.71216
-0.72753
-0.7418
-0.75599
-0.7325
-0.70145
-0.69942
-0.72773
-0.7433
-0.76413
-0.7247
-0.7321
-0.75178
-0.7231
-0.7314
-0.70826
-0.71874
-0.72195
-0.72069
-0.75434
-0.75094
-0.70797
-0.69343
-0.69492
-0.69324
-0.72799
-0.64912
-0.65079
-0.65743
-0.67964
-0.63414
-0.62707
-0.58129
-0.58126
-0.60821
-0.65028
-0.69093
-0.74945
-0.75629
-0.69353
-0.74324
-0.69688
-0.73631
-0.84363
-0.84895
-0.86247
-0.88692
-0.91324
-0.90213
-0.8752
-0.87816
-0.87592
-0.84724
-0.81003
-0.78046
-0.75363
-0.76188
-0.7899
-0.74275
-0.70914
-0.67817
-0.68943
-0.70509
-0.73564
-0.74716
-0.72719
-0.71973
-0.6552
-0.58416
-0.51456
-0.54114
-0.54497
-0.54666
-0.59451
-0.65863
-0.67645
-0.67634
-0.71346
-0.74433
-0.76721
-0.76786
-0.79973
-0.81508
-0.81789
-0.80492
-0.8306
-0.84905
-0.83627
-0.856
-0.88446
-0.85869
-0.87626
-0.93654
-0.83219
-0.79252
-0.80338
-0.78365
-0.81779
-0.84477
-0.80293
-0.83385
-0.79741
-0.80963
-0.81818
-0.85334
-0.86716
-0.86459
-0.84957
-0.83955
-0.86787
-0.84623
-0.81941
-0.76609
-0.77228
-0.8233
-0.789
-0.82005
-0.83345
-0.79337
-0.80394
-0.86102
-0.80118
-0.81742
-0.81627
-0.77795
-0.71805
-0.7301
-0.70537
-0.71242
-0.72992
-0.7074
-0.69027
-0.70693
-0.67337
-0.6899
-0.66614
-0.68005
-0.69738
-0.65532
-0.66609
-0.69872
-0.70715
-0.75297
-0.6991
-0.66234
-0.68283
-0.73726
-0.76787
-0.77308
-0.68033
-0.75097
-0.82629
-0.8333
-0.84152
-0.84616
-0.85496
-0.80186
-0.82781
-0.81537
-0.84755
-0.86673
-0.8848
-0.88653
-0.88337
-0.88458
-0.83624
-0.87971
-0.91082
-0.83817
-0.77529
-0.75425
-0.73417
-0.72213
-0.71397
-0.70695
-0.73476
-0.74771
-0.77845
-0.80339
-0.73864
-0.73192
-0.76911
-0.76328
-0.7458
-0.71825
-0.70265
-0.71567
-0.72214
-0.75813
-0.75911
-0.77128
-0.70721
-0.68952
-0.70923
-0.6839
-0.63472
-0.62522
-0.60808
-0.6822
-0.69902
-0.729
-0.77193
-0.75991
-0.70665
-0.6979
-0.70737
-0.68659
-0.70087
-0.72335
-0.71931
-0.69245
-0.66607
-0.66664
-0.71859
-0.68376
-0.67787
-0.68707
-0.67583
-0.6843
-0.71002
-0.74392
-0.76826
-0.74667
-0.78189
-0.79716
-0.82166
-0.81028
-0.81306
-0.80267
-0.80893
-0.77919
-0.79681
-0.81003
-0.79843
-0.80007
-0.7846
-0.79539
-0.77002
-0.80279
-0.80001
-0.83072
-0.80949
-0.82206
-0.86228
-0.86189
-0.86382
-0.8241
-0.80308
-0.82367
-0.85496
-0.83349
-0.82201
-0.79588
-0.75185
-0.75672
-0.70974
-0.75841
-0.70116
-0.72161
-0.73198
-0.65356
-0.61122
-0.60862
-0.66394
-0.60475
-0.58206
-0.5846
-0.56897
-0.5534
-0.53591
-0.54105
-0.53335
-0.47793
-0.52398
-0.52989
-0.5121
-0.52915
-0.51269
-0.47837
-0.51469
-0.54886
-0.5544
-0.56126
-0.58988
-0.60553
-0.64773
-0.66045
-0.72368
-0.71394
-0.70107
-0.71235
-0.68814
-0.66674
-0.66066
-0.62151
-0.58276
-0.60848
-0.6124
-0.59266
-0.58567
-0.58489
-0.59485
-0.57094
-0.55925
-0.55547
-0.5761
-0.57393
-0.57511
-0.59809
-0.60671
-0.64033
-0.64363
-0.59428
-0.61357
-0.62194
-0.63462
-0.64451
-0.64103
-0.6654
-0.64373
-0.64268
-0.66448
-0.66055
-0.64526
-0.66597
-0.70394
-0.77362
-0.81337
-0.76662
-0.78528
-0.78984
-0.79351
-0.75324
-0.7127
-0.75639
-0.75767
-0.7964
-0.79772
-0.8138
-0.73135
-0.72743
-0.77046
-0.82754
-0.85879
-0.8243
-0.84906
-0.78274
-0.75842
-0.77716
-0.77421
-0.77374
-0.733
-0.7794
-0.8011
-0.79538
-0.75744
-0.77914
-0.71764
-0.6936
-0.67568
-0.62707
-0.64645
-0.6354
-0.64649
-0.65417
-0.65025
-0.66083
-0.67777
-0.67923
-0.67206
-0.65636
-0.62704
-0.65952
-0.6309
-0.64814
-0.69133
-0.65619
-0.65845
-0.64832
-0.62251
-0.59454
-0.63447
-0.65862
-0.63642
-0.70588
-0.71738
-0.74784
-0.75605
-0.77537
-0.7639
-0.78223
-0.77171
-0.72527
-0.64731
-0.65738
-0.65275
-0.66474
-0.69618
-0.76662
-0.7578
-0.75947
-0.7603
-0.76691
-0.74047
-0.77767
-0.75289
-0.73739
-0.7312
-0.67871
-0.63556
-0.64419
-0.62024
-0.66594
-0.65594
-0.59928
-0.61999
-0.65263
-0.58105
-0.60381
-0.63479
-0.65111
-0.64111
-0.70937
-0.74107
-0.71072
-0.70695
-0.7353
-0.77355
-0.73437
-0.75778
-0.78338
-0.76279
-0.79626
-0.78977
-0.75127
-0.68844
-0.71854
-0.70991
-0.69588
-0.66426
-0.67056
-0.71406
-0.71873
-0.77966
-0.83935
-0.8373
-0.90465
-0.86287
-0.88221
-0.89038
-0.84003
-0.85816
-0.88974
-0.84074
-0.88667
-0.80437
-0.78025
-0.75875
-0.75534
-0.76955
-0.73211
-0.71168
-0.68354
-0.67915
-0.7008
-0.63626
-0.69839
-0.67888
-0.62231
-0.65321
-0.68352
-0.69092
-0.66807
-0.68217
-0.70943
-0.68787
-0.70895
-0.73202
-0.74645
-0.76987
-0.80501
-0.78778
-0.73744
-0.74349
-0.709
-0.73404
-0.70145
-0.66842
-0.68118
-0.68669
-0.70131
-0.70054
-0.72073
-0.69578
-0.69899
-0.71183
-0.70011
-0.73721
-0.74016
-0.77513
-0.75571
-0.79169
-0.75993
-0.76881
-0.71502
-0.75378
-0.76093
-0.7577
-0.74544
-0.732
-0.7152
-0.71532
-0.7169
-0.66622
-0.68399
-0.68425
-0.70975
-0.71303
-0.78426
-0.80352
-0.80088
-0.79614
-0.76767
-0.78635
-0.81495
-0.83729
-0.8866
-0.88215
-0.88515
-0.935
-0.94744
-0.94057
-0.9526
-0.85458
-0.80058
-0.81733
-0.85001
-0.86629
-0.80241
-0.76903
-0.68729
-0.68573
-0.65323
-0.71651
-0.69478
-0.67691
-0.65462
-0.67968
-0.70209
-0.68829
-0.76172
-0.78564
-0.75138
-0.74573
-0.7389
-0.75282
-0.76226
-0.82877
-0.95826
-0.89523
-0.86621
-0.91363
-0.91555
-0.91684
-0.91837
-0.89275
-0.88628
-0.78769
-0.77196
-0.73098
-0.73266
-0.68973
-0.69957
-0.74373
-0.7798
-0.76782
-0.74992
-0.76311
-0.79371
-0.79137
-0.7591
-0.84628
-0.84644
-0.81774
-0.73888
-0.77589
-0.74175
-0.65979
-0.71104
-0.71446
-0.65483
-0.66892
-0.65887
-0.65331
-0.61145
-0.63567
-0.60684
-0.62588
-0.67925
-0.61446
-0.60933
-0.58667
-0.57687
-0.59452
-0.58218
-0.56079
-0.57778
-0.61328
-0.61569
-0.6306
-0.6082
-0.63691
-0.63776
-0.67027
-0.70584
-0.75968
-0.76288
-0.74745
-0.71302
-0.73849
-0.72392
-0.76469
-0.77953
-0.78802
-0.77293
-0.77849
-0.78657
-0.76601
-0.73394
-0.73275
-0.75114
-0.75536
-0.71944
-0.75932
-0.75438
-0.75442
-0.715
-0.70636
-0.67302
-0.68266
-0.67776
-0.67205
-0.57923
-0.63754
-0.69502
-0.73246
-0.72406
-0.70604
-0.71014
-0.68993
-0.72049
-0.70867
-0.68192
-0.695
-0.67029
-0.63017
-0.64338
-0.64426
-0.64747
-0.66794
-0.70242
-0.70647
-0.69181
-0.66218
-0.67699
-0.68825
-0.71105
-0.7699
-0.75706
-0.75887
-0.783
-0.83578
-0.79824
-0.80617
-0.80437
-0.81639
-0.79193
-0.79958
-0.88296
-0.85205
-0.82977
-0.81986
-0.85046
-0.81642
-0.79922
-0.80014
-0.81932
-0.81374
-0.79372
-0.72835
-0.71802
-0.68082
-0.60567
-0.5816
-0.54162
-0.55617
-0.61572
-0.62774
-0.70479
-0.69331
-0.70014
-0.70283
-0.71877
-0.70872
-0.75494
-0.69223
-0.71621
-0.69551
-0.64565
-0.69246
-0.73161
-0.77866
-0.8027
-0.78846
-0.75459
-0.7519
-0.79765
-0.7443
-0.74015
-0.68115
-0.7681
-0.72934
-0.74663
-0.76074
-0.7517
-0.7441
-0.80158
-0.81037
-0.73893
-0.72601
-0.7572
-0.79463
-0.78365
-0.78215
-0.81279
-0.82548
-0.83067
-0.83401
-0.84571
-0.86235
-0.7958
-0.80338
-0.78378
-0.76828
-0.73914
-0.78956
-0.76991
-0.74162
-0.75934
-0.75635
-0.80026
-0.82416
-0.81579
-0.81619
-0.78111
-0.80875
-0.85749
-0.84943
-0.84388
-0.84631
-0.80998
-0.86342
-0.86955
-0.84654
-0.82716
-0.8053
-0.7488
-0.73431
-0.74901
-0.74569
-0.78651
-0.7681
-0.81453
-0.80433
-0.76617
-0.72285
-0.70609
-0.72455
-0.74505
-0.72407
-0.70271
-0.73369
-0.77305
-0.68675
-0.6455
-0.61064
-0.61402
-0.63472
-0.60174
-0.58157
-0.57668
-0.57707
-0.62177
-0.64453
-0.64654
-0.68338
-0.66548
-0.64331
-0.68989
-0.67692
-0.68149
-0.6871
-0.68549
-0.67734
-0.68343
-0.67389
-0.66034
-0.63918
-0.61761
-0.61952
-0.66345
-0.69538
-0.73885
-0.75381
-0.71478
-0.63513
-0.55707
-0.53603
-0.49515
-0.49567
-0.49667
-0.52012
-0.49443
-0.51039
-0.50254
-0.53105
-0.54084
-0.57169
-0.55069
-0.57549
-0.57111
-0.58916
-0.64125
-0.65224
-0.6803
-0.73743
-0.76621
-0.76674
-0.7487
-0.72935
-0.74365
-0.73
-0.70888
-0.64611
-0.61345
-0.60877
-0.58356
-0.60068
-0.62042
-0.62565
-0.63494
-0.63595
-0.64218
-0.66891
-0.63543
-0.64524
-0.68665
-0.74489
-0.7611
-0.83538
-0.88973
-0.89871
-0.85649
-0.80556
-0.77497
-0.78526
-0.75383
-0.72165
-0.72554
-0.7115
-0.75918
-0.76956
-0.79638
-0.78736
-0.79854
-0.79747
-0.8006
-0.7937
-0.76348
-0.798
-0.81587
-0.79636
-0.79934
-0.84122
-0.83507
-0.81929
-0.83526
-0.83243
-0.84363
-0.88746
-0.92706
-0.89693
-0.87677
-0.85896
-0.85681
-0.81115
-0.69357
-0.63693
-0.64436
-0.59806
-0.61492
-0.60893
-0.61915
-0.67396
-0.70167
-0.67838
-0.69689
-0.71539
-0.76318
-0.80041
-0.75719
-0.73525
-0.72806
-0.77155
-0.74756
-0.78456
-0.72596
-0.63544
-0.5813
-0.57364
-0.59798
-0.63676
-0.60569
-0.63104
-0.64009
-0.65346
-0.62454
-0.6353
-0.62831
-0.63788
-0.64277
-0.62442
-0.62077
-0.65549
-0.65613
-0.69367
-0.62561
-0.66155
-0.65311
-0.59287
-0.60171
-0.59152
-0.60188
-0.66239
-0.60904
-0.6454
-0.63246
-0.64369
-0.67129
-0.67303
-0.73086
-0.77034
-0.79386
-0.78315
-0.79442
-0.74259
-0.78137
-0.76755
-0.80077
-0.71333
-0.69358
-0.75232
-0.7989
-0.78102
-0.79391
-0.75671
-0.75083
-0.69768
-0.69086
-0.73256
-0.70044
-0.75907
-0.7755
-0.80906
-0.7821
-0.80427
-0.80477
-0.77869
-0.78434
-0.76278
-0.78751
-0.80247
-0.79706
-0.85803
-0.86297
-0.80873
-0.81678
-0.75416
-0.67745
-0.6762
-0.66634
-0.66443
-0.67945
-0.67271
-0.67274
-0.66107
-0.62294
-0.64022
-0.65635
-0.67997
-0.65043
-0.61615
-0.64734
-0.67299
-0.68401
-0.67078
-0.62285
-0.59409
-0.55569
-0.62607
-0.58193
-0.61593
-0.59093
-0.56758
-0.54158
-0.56805
-0.59435
-0.60189
-0.58748
-0.61042
-0.57122
-0.5712
-0.58274
-0.51584
-0.50844
-0.50656
-0.50639
-0.47915
-0.46271
-0.44437
-0.44337
-0.45566
-0.49213
-0.50328
-0.55395
-0.55468
-0.5812
-0.59991
-0.63669
-0.65211
-0.65359
-0.73336
-0.74556
-0.69155
-0.65509
-0.69589
-0.7204
-0.72513
-0.71275
-0.7387
-0.73064
-0.6952
-0.67281
-0.67898
-0.65236
-0.64547
-0.68674
-0.68542
-0.70387
-0.69005
-0.68734
-0.69131
-0.68452
-0.68839
-0.72882
-0.76716
-0.75479
-0.72559
-0.68961
-0.65655
-0.66788
-0.64488
-0.65237
-0.66436
-0.65626
-0.63442
-0.64211
-0.67606
-0.6959
-0.69184
-0.74259
-0.75616
-0.78556
-0.76216
-0.7613
-0.75078
-0.7752
-0.7501
-0.72824
-0.74884
-0.78776
-0.81565
-0.83632
-0.85362
-0.79555
-0.81281
-0.80759
-0.79324
-0.7759
-0.75175
-0.77433
-0.78188
-0.74936
-0.76637
-0.79792
-0.80136
-0.80367
-0.78998
-0.79786
-0.75159
-0.73837
-0.70337
-0.66531
-0.71369
-0.75045
-0.75128
-0.69009
-0.69459
-0.65782
-0.65126
-0.66356
-0.71711
-0.68425
-0.6488
-0.64576
-0.65416
-0.62476
-0.59837
-0.59884
-0.66056
-0.66973
-0.68852
-0.6419
-0.64035
-0.67575
-0.70309
-0.69629
-0.68639
-0.7081
-0.71406
-0.7328
-0.73038
-0.75762
-0.73884
-0.6886
-0.70155
-0.70506
-0.69881
-0.70019
-0.73134
-0.74308
-0.72326
-0.74433
-0.77404
-0.73449
-0.77408
-0.83406
-0.80072
-0.79216
-0.79192
-0.749
-0.78267
-0.80188
-0.78138
-0.77945
-0.74303
-0.71913
-0.63731
-0.66832
-0.68092
-0.67813
-0.6584
-0.64552
-0.6744
-0.62763
-0.60425
-0.58792
-0.59531
-0.61759
-0.59088
-0.569
-0.59436
-0.59876
-0.58166
-0.56401
-0.58938
-0.60744
-0.53662
-0.55747
-0.61998
-0.67083
-0.71532
-0.68222
-0.71304
-0.72075
-0.76694
-0.77947
-0.7555
-0.79318
-0.80439
-0.8117
-0.81594
-0.81022
-0.84621
-0.84572
-0.88842
-0.85819
-0.80995
-0.79115
-0.78064
-0.75492
-0.81533
-0.81611
-0.82145
-0.77548
-0.79036
-0.77331
-0.79704
-0.81813
-0.83854
-0.8002
-0.77942
-0.75837
-0.76243
-0.79559
-0.80908
-0.79381
-0.74598
-0.71039
-0.67613
-0.71081
-0.71229
-0.72651
-0.76697
-0.72373
-0.74472
-0.70182
-0.66228
-0.65716
-0.61402
-0.6485
-0.59205
-0.64002
-0.6483
-0.66271
-0.68194
-0.71491
-0.68148
-0.66671
-0.62464
-0.67897
-0.69266
-0.7402
-0.78476
-0.80989
-0.78617
-0.76884
-0.72444
-0.76409
-0.82604
-0.80294
-0.77717
-0.77263
-0.7648
-0.73176
-0.73525
-0.71364
-0.7528
-0.72559
-0.66577
-0.68577
-0.71917
-0.70127
-0.6278
-0.54649
-0.56271
-0.50749
-0.51655
-0.52665
-0.56648
-0.54395
-0.50628
-0.57315
-0.58021
-0.60585
-0.58541
-0.65079
-0.67952
-0.63862
-0.61861
-0.61155
-0.64409
-0.61761
-0.6448
-0.65903
-0.65277
-0.65205
-0.59631
-0.61368
-0.62179
-0.60027
-0.59735
-0.57158
-0.60512
-0.64707
-0.58336
-0.62998
-0.62726
-0.61989
-0.64258
-0.65602
-0.65898
-0.64134
-0.6656
-0.67759
-0.65891
-0.64361
-0.64881
-0.65364
-0.67686
-0.63809
-0.68179
-0.66405
-0.7273
-0.76801
-0.71325
-0.72453
-0.72247
-0.72376
-0.75096
-0.76646
-0.75417
-0.79765
-0.78285
-0.73185
-0.69992
-0.71608
-0.74338
-0.73679
-0.72241
-0.74399
-0.66383
-0.69868
-0.7441
-0.73424
-0.74897
-0.76232
-0.71435
-0.73522
-0.75753
-0.78078
-0.75763
-0.76474
-0.76282
-0.79076
-0.78493
-0.76712
-0.74399
-0.69508
-0.68795
-0.63932
-0.67601
-0.68103
-0.66061
-0.60926
-0.60579
-0.61636
-0.62598
-0.60985
-0.57486
-0.56531
-0.60622
-0.62585
-0.60561
-0.62133
-0.6497
-0.61562
-0.54022
-0.5442
-0.52784
-0.52201
-0.52578
-0.57223
-0.58921
-0.63467
-0.63848
-0.69532
-0.66669
-0.70838
-0.68506
-0.73262
-0.71438
-0.67935
-0.69922
-0.68898
-0.67037
-0.67146
-0.73626
-0.73556
-0.75773
-0.77515
-0.78898
-0.76547
-0.76959
-0.78142
-0.69704
-0.71259
-0.6408
-0.66917
-0.58051
-0.56664
-0.54111
-0.50115
-0.45
-0.42069
-0.41353
-0.41499
-0.42168
-0.42963
-0.40814
-0.4491
-0.43735
-0.40119
-0.37161
-0.37329
-0.37303
-0.27688
-0.26038
-0.2516
-0.29049
-0.31389
-0.30216
-0.30279
-0.2809
-0.25717
-0.25054
-0.22528
-0.26673
-0.22339
-0.2201
-0.23572
-0.19041
-0.16494
-0.16568
-0.17539
-0.16106
-0.17029
-0.20424
-0.24058
-0.26251
-0.32768
-0.35817
-0.35016
-0.3767
-0.3793
-0.38166
-0.39163
-0.39548
-0.38188
-0.38608
-0.40294
-0.40661
-0.44167
-0.454
-0.4605
-0.49263
-0.45982
-0.44305
-0.45385
-0.47598
-0.48153
-0.51405
-0.49076
-0.49682
-0.51035
-0.49941
-0.49776
-0.51079
-0.5385
-0.56371
-0.58581
-0.58379
-0.58337
-0.53532
-0.55378
-0.55665
-0.52811
-0.55053
-0.55314
-0.59368
-0.56976
-0.53525
-0.55923
-0.50915
-0.48338
-0.50418
-0.48369
-0.45964
-0.50062
-0.55398
-0.55837
-0.58091
-0.61445
-0.65622
-0.68209
-0.71357
-0.76223
-0.7328
-0.72475
-0.69614
-0.71929
-0.74443
-0.73251
-0.70169
-0.69521
-0.70427
-0.64244
-0.60409
-0.56136
-0.59688
-0.58216
-0.53181
-0.53376
-0.47529
-0.49981
-0.50106
-0.46992
-0.54382
-0.60812
-0.60536
-0.59612
-0.6179
-0.64805
-0.72292
-0.68418
-0.70279
-0.69148
-0.63089
-0.61763
-0.6396
-0.62918
-0.6883
-0.73335
-0.71952
-0.67888
-0.6646
-0.65416
-0.65268
-0.62519
-0.62702
-0.63311
-0.65517
-0.60827
-0.58924
-0.56921
-0.58769
-0.60042
-0.54009
-0.55697
-0.57036
-0.56961
-0.60397
-0.56186
-0.51246
-0.49365
-0.4535
-0.46171
-0.43642
-0.45675
-0.43426
-0.41091
-0.40772
-0.41033
-0.37693
-0.37507
-0.4066
-0.39517
-0.32335
-0.30862
-0.31574
-0.2869
-0.22805
-0.20669
-0.17205
-0.1685
-0.15398
-0.14353
-0.13883
-0.12494
-0.06923
-0.060474
-0.013059
0.023616
0.04224
0.074583
0.082485
0.14783
0.22068
0.26976
0.30209
0.35899
0.42242
0.47835
0.53086
0.63728
0.74429
0.77701
0.86026
0.8826
0.99305
1.1052
1.0692
1.106
1.0821
1.0794
1.1013
1.1404
1.1256
1.1128
1.1712
1.1368
1.1498
1.1281
1.1606
1.1734
1.0861
1.076
1.0618
1.0372
1.0876
1.1323
1.149
1.2139
1.1417
1.1964
1.2126
1.2172
1.1546
1.1717
1.1585
1.0937
1.0997
1.0831
1.1043
1.1073
1.1312
1.1668
1.1501
1.1114
1.0955
1.1299
1.1934
1.1237
1.1812
1.1869
1.1866
1.2002
1.2026
1.2178
1.1797
1.1649
1.1795
1.1989
1.1861
1.1189
1.106
1.0972
1.0903
1.1072
1.1173
1.1652
1.1513
1.1359
1.1784
1.1684
1.1686
1.1632
1.1769
1.1647
1.2309
1.2202
1.1892
1.1943
1.1485
1.1607
1.12
1.1377
1.1655
1.1046
1.1526
1.1388
1.1516
1.1396
1.1229
1.1886
1.1996
1.1689
1.1406
1.1311
1.1458
1.1481
1.1314
1.1394
1.1421
1.1539
1.1247
1.1193
1.0951
1.1011
1.1328
1.1405
1.1852
1.271
1.2252
1.1738
1.1746
1.1579
1.1163
1.119
1.183
1.1654
1.1548
1.1602
1.1817
1.1744
1.1587
1.1684
1.1454
1.1341
1.1323
1.1385
1.1308
1.0627
1.1262
1.0872
1.1024
1.0883
1.1055
1.1516
1.1683
1.1013
1.1489
1.1629
1.1957
1.1827
1.1987
1.1683
1.1717
1.2025
1.1361
1.1233
1.1941
1.1498
1.1582
1.1527
1.1237
1.1618
1.146
1.124
1.1094
1.1067
1.1269
1.1338
1.1567
1.2047
1.1293
1.1752
1.1908
1.1622
1.1014
1.1281
1.1241
1.116
1.1448
1.1582
1.1442
1.1067
1.1969
1.1787
1.1898
1.1978
1.1739
1.146
1.1165
1.1233
1.1251
1.1146
1.0754
1.0966
1.1179
1.121
1.0935
1.0349
1.079
1.0511
1.0896
1.0778
1.1006
1.1211
1.1202
1.2353
1.1999
1.1713
1.1641
1.1385
1.1792
1.2388
1.2526
1.2297
1.1965
1.1815
1.1888
1.1258
1.1227
1.1495
1.1626
1.1931
1.2052
1.1413
1.2064
1.1126
1.128
1.1102
1.0873
1.1264
1.1271
1.0882
1.1185
1.1718
1.1644
1.1587
1.1292
1.1949
1.1403
1.1729
1.1621
1.1924
1.2144
1.2108
1.1397
1.1512
1.1937
1.1828
1.2136
1.2032
1.1866
1.1939
1.2262
1.2026
1.1508
1.1593
1.2308
1.1865
1.2095
1.2066
1.1864
1.1874
1.1615
1.1464
1.146
1.1416
1.169
1.1483
1.1852
1.1698
1.145
1.1575
1.1759
1.152
1.1238
1.0738
1.0949
1.1735
1.1653
1.1728
1.1793
1.1425
1.0968
1.0549
1.1262
1.1578
1.1996
1.1329
1.1762
1.1658
1.2024
1.2217
1.197
1.1466
1.1713
1.1702
1.1011
1.1158
1.15
1.1829
1.2089
1.1331
1.1576
1.1515
1.1041
1.1368
1.1443
1.2175
1.1854
1.1533
1.1527
1.1416
1.1844
1.1596
1.1156
1.1187
1.1022
1.1578
1.1457
1.1584
1.13
1.1256
1.0682
1.1053
1.1579
1.1449
1.1667
1.1113
1.0983
1.0926
1.0477
1.1036
1.1145
1.1028
1.1246
1.0938
1.0761
1.085
1.1093
1.1352
1.1159
1.1357
1.1567
1.169
1.2034
1.1929
1.1497
1.1852
1.1787
1.1802
1.1736
1.1782
1.1586
1.0925
1.0937
1.1023
1.0413
1.0836
1.1156
1.1393
1.127
1.1572
1.2133
1.1391
1.1595
1.1681
1.1726
1.1688
1.1669
1.1276
1.1421
1.1275
1.1153
1.1128
1.1185
1.1992
1.1706
1.1606
1.1096
1.0994
1.0819
1.0869
1.0864
1.0774
1.1547
1.1701
1.2038
1.2121
1.2296
1.1988
1.1671
1.2032
1.1966
1.2337
1.1782
1.2058
1.1443
1.1478
1.165
1.143
1.1837
1.209
1.1561
1.1494
1.1686
1.1896
1.2202
1.1939
1.192
1.1825
1.1512
1.128
1.1622
1.1584
1.1689
1.1654
1.1825
1.2299
1.1644
1.1792
1.1789
1.1908
1.1726
1.1783
1.1647
1.1614
1.1397
1.0964
1.1108
1.1161
1.1329
1.0878
1.0877
1.1226
1.0907
1.1761
1.2067
1.1619
1.0985
1.0507
1.0812
1.1133
1.1083
1.0687
1.0939
1.1333
1.1155
1.1079
1.0958
1.1574
1.1743
1.1161
1.1673
1.1514
1.1455
1.1464
1.1505
1.0965
1.0862
1.0811
1.141
1.1579
1.1745
1.2453
1.2091
1.1446
1.1789
1.1581
1.1644
1.2187
1.1946
1.2103
1.1733
1.1831
1.1661
1.1135
1.1199
1.1424
1.1394
1.1465
1.1253
1.1118
1.1457
1.1529
1.1256
1.1385
1.1291
1.1351
1.1184
1.1889
1.2142
1.1437
1.1254
1.1461
1.0825
1.1309
1.127
1.1359
1.1658
1.1762
1.2028
1.1753
1.1541
1.1516
1.1328
1.1599
1.1705
1.2051
1.2095
1.1873
1.2225
1.2193
1.1716
1.1576
1.1298
1.1288
1.1241
1.1505
1.1888
1.1573
1.184
1.2361
1.2352
1.1799
1.1402
1.141
1.1463
1.2162
1.2163
1.1848
1.1441
1.1804
1.136
1.1572
1.1864
1.2081
1.1744
1.2188
1.1625
1.1607
1.246
1.1769
1.2259
1.2114
1.186
1.2023
1.1965
1.1844
1.2145
1.1901
1.1351
1.0823
1.1358
1.1359
1.0863
1.1358
1.1425
1.15
1.1856
1.1927
1.2216
1.2456
1.2509
1.2055
1.1913
1.1796
1.1797
1.1793
1.1788
1.2016
1.211
1.2059
1.2218
1.1583
1.2117
1.1472
1.1113
1.1
1.0753
1.0135
1.0548
1.114
1.1897
1.1497
1.1792
1.1517
1.1779
1.2093
1.1249
1.2145
1.1901
1.1865
1.1719
1.1267
1.1457
1.1202
1.0926
1.1251
1.1272
1.16
1.2404
1.2176
1.1923
1.2106
1.169
1.1555
1.1954
1.2132
1.2774
1.2281
1.1972
1.2032
1.1792
1.2236
1.2403
1.2165
1.2348
1.2384
1.2233
1.2289
1.2357
1.216
1.1528
1.1662
1.1979
1.1882
1.1927
1.272
1.2479
1.2316
1.2652
1.2818
1.2434
1.2405
1.2109
1.1634
1.1749
1.1874
1.1907
1.2148
1.1811
1.144
1.2156
1.1808
1.1413
1.1724
1.1726
1.1434
1.132
1.135
1.1591
1.1546
1.157
1.1438
1.1631
1.1053
1.1645
1.1769
1.1558
1.178
1.2144
1.2026
1.1947
1.1622
1.1788
1.1438
1.1664
1.1313
1.1751
1.1979
1.2129
1.2077
1.21
1.1656
1.1715
1.1635
1.1338
1.1732
1.1208
1.1825
1.165
1.1844
1.2081
1.2348
1.2048
1.1819
1.1276
1.1632
1.1283
1.1138
1.1061
1.1004
1.1247
1.159
1.2137
1.1578
1.138
1.1545
1.1872
1.2028
1.1344
1.1413
1.1355
1.1492
1.0956
1.1335
1.2279
1.2063
1.1749
1.163
1.1832
1.1805
1.1156
1.1332
1.1524
1.1512
1.1888
1.1846
1.2198
1.1866
1.0909
1.094
1.1006
1.1566
1.1732
1.1593
1.1762
1.1856
1.1645
1.1822
1.1369
1.1663
1.1757
1.1462
1.1294
1.0661
1.1487
1.1583
1.1467
1.0868
1.1277
1.1144
1.1497
1.1459
1.1459
1.2
1.1736
1.2135
1.1715
1.1156
1.1381
1.1895
1.2451
1.2981
1.2477
1.2588
1.2082
1.1824
1.2067
1.2042
1.1556
1.1028
1.0865
1.1031
1.1581
1.1515
1.1938
1.1895
1.2334
1.2251
1.2241
1.2501
1.2124
1.2177
1.23
1.1875
1.1626
1.1781
1.1525
1.1796
1.2126
1.1973
1.1998
1.1748
1.203
1.2343
1.2412
1.2483
1.2396
1.1962
1.1561
1.1499
1.1529
1.1163
1.1202
1.0928
1.0754
1.1096
1.1975
1.1758
1.1578
1.1779
1.1877
1.1524
1.1725
1.1782
1.1251
1.165
1.1574
1.2109
1.2225
1.2412
1.2303
1.2055
1.2167
1.2023
1.2261
1.2173
1.2304
1.2054
1.2047
1.1836
1.1645
1.1578
1.1466
1.148
1.1588
1.1061
1.1264
1.1173
1.1056
1.1471
1.099
1.1061
1.1573
1.169
1.1948
1.1869
1.1825
1.1759
1.1845
1.1662
1.1719
1.163
1.2025
1.1781
1.1985
1.2019
1.2293
1.2281
1.2331
1.2201
1.1773
1.1576
1.2237
1.193
1.1865
1.2047
1.1761
1.1753
1.1613
1.1322
1.1478
1.1483
1.1899
1.1581
1.1234
1.1317
1.1447
1.1605
1.1572
1.2312
1.2979
1.249
1.2708
1.2232
1.2067
1.1898
1.1715
1.1908
1.156
1.1951
1.1245
1.1556
1.1675
1.19
1.1847
1.1578
1.0945
1.1138
1.1383
1.1601
1.176
1.1709
1.1191
1.1551
1.2003
1.1405
1.1486
1.1307
1.1326
1.1625
1.1742
1.134
1.1371
1.1394
1.1498
1.1634
1.1814
1.1745
1.2306
1.2193
1.1872
1.2375
1.2028
1.1636
1.1438
1.1563
1.117
1.1479
1.1317
1.1467
1.1777
1.1635
1.1388
1.1015
1.1241
1.1725
1.1664
1.1663
1.1972
1.1738
1.1376
1.0989
1.1102
1.0935
1.0723
1.0263
1.0951
1.1287
1.2001
1.1333
1.1241
1.1675
1.1853
1.1493
1.1169
1.1262
1.1934
1.2519
1.2072
1.1943
1.1667
1.1062
1.1336
1.1502
1.1628
1.2023
1.1726
1.1553
1.1682
1.1165
1.182
1.2289
1.1935
1.172
1.142
1.1425
1.1702
1.1525
1.1466
1.2226
1.2168
1.1913
1.1752
1.1737
1.1239
1.1854
1.1733
1.142
1.1335
1.0952
1.1672
1.1189
1.1094
1.1013
1.1274
1.1316
1.136
1.111
1.1423
1.096
1.1232
1.1568
1.1426
1.1485
1.1423
1.1349
1.1389
1.1396
1.1495
1.2307
1.2272
1.1812
1.244
1.165
1.1994
1.1449
1.2157
1.2047
1.187
1.2439
1.2468
1.2474
1.2221
1.1815
1.2046
1.175
1.1603
1.1657
1.1247
1.1631
1.172
1.2327
1.1773
1.1804
1.2023
1.2038
1.1722
1.1738
1.1629
1.153
1.1149
1.1402
1.1145
1.1007
1.0904
1.1202
1.1709
1.1348
1.1298
1.1617
1.1126
1.1481
1.1423
1.1343
1.1212
1.116
1.1454
1.1986
1.1879
1.1809
1.1834
1.1454
1.2012
1.2251
1.2416
1.2378
1.2008
1.1479
1.1748
1.2039
1.1763
1.1782
1.1949
1.1882
1.1983
1.1866
1.1789
1.1675
1.0742
1.1575
1.1781
1.1753
1.1681
1.2079
1.2699
1.1985
1.1856
1.2185
1.2062
1.1601
1.1853
1.1452
1.1963
1.203
1.1588
1.1011
1.1285
1.1307
1.1881
1.144
1.1691
1.1288
1.1455
1.1678
1.2069
1.2053
1.1628
1.1695
1.1875
1.232
1.2254
1.2218
1.2055
1.164
1.1881
1.1532
1.1217
1.1446
1.1687
1.1703
1.1505
1.1656
1.2027
1.1417
1.1428
1.1178
1.1705
1.1556
1.1294
1.1454
1.183
1.1061
1.2056
1.2377
1.1955
1.1409
1.1739
1.1802
1.1789
1.1954
1.1756
1.1804
1.2214
1.1924
1.124
1.1664
1.1252
1.1153
1.0959
1.1249
1.1281
1.1674
1.1948
1.1738
1.1903
1.2077
1.2
1.2195
1.1501
1.1798
1.1863
1.1371
1.14
1.1319
1.1415
1.2083
1.2407
1.1845
1.1524
1.1568
1.1662
1.1599
1.1161
1.2003
1.184
1.1251
1.1098
1.1611
1.1344
1.0915
1.1461
1.151
1.1787
1.2079
1.2259
1.2262
1.1825
1.2062
1.1894
1.1742
1.1589
1.2046
1.1917
1.2103
1.2177
1.1966
1.2302
1.1441
1.1348
1.1693
1.1841
1.199
1.1792
1.1379
1.1313
1.1803
1.2016
1.2164
1.2327
1.2194
1.2045
1.2148
